173,45,170
173,52,169
173,53,170
26,45,172
173,46,168
26,47,169
170,56,170
173,46,167
173,49,168
173,51,171
173,53,170
173,48,170
26,54,171
173,45,171
26,52,170
173,52,169
173,45,170
173,58,172
30,54,172
25,55,174
173,48,169
173,48,169
173,51,168
173,45,169
173,39,170
173,42,171
26,54,170
173,48,168
173,45,169
173,54,171
173,36,169
30,45,170
23,40,171
173,48,170
173,43,169
170,50,170
173,47,169
173,51,171
173,51,169
26,49,170
173,49,169
173,46,169
173,54,172
173,43,171
26,56,172
173,45,168
173,46,171
173,53,169
173,52,167
23,40,168
173,43,170
173,46,170
173,46,169
173,49,170
26,48,169
23,45,168
173,55,170
173,43,170
26,52,172
173,50,169
173,42,169
173,52,168
173,54,171
173,46,169
173,49,169
173,51,171
173,39,169
173,52,168
173,46,169
173,53,169
173,43,170
173,52,170
173,46,169
173,43,169
173,52,171
173,45,172
173,45,169
173,49,170
173,52,170
173,43,168
173,42,170
173,46,171
173,45,168
173,45,170
173,52,172
173,50,170
173,52,169
173,40,169
173,51,172
173,52,171
173,54,169
173,52,172
173,46,170
173,45,168
26,54,170
173,49,170
173,43,169
173,51,170
173,48,171
173,41,174
173,51,171
173,52,172
173,52,171
173,52,172
173,52,171
173,48,169
25,52,171
173,45,171
173,57,170
173,51,169
23,45,172
173,43,170
173,45,168
28,52,169
25,51,170
173,49,168
173,42,168
173,51,169
26,53,174
173,48,167
173,45,164
173,50,163
173,56,169
173,44,165
173,46,160
30,58,162
26,47,166
173,47,166
173,50,163
173,61,167
173,53,164
25,55,161
30,48,145
35,61,149
173,63,144
26,88,137
26,68,128
173,75,130
24,68,126
26,79,126
173,89,125
26,93,127
25,84,126
26,78,127
26,79,127
25,80,124
23,100,126
30,92,124
173,69,123
173,61,122
173,74,126
24,94,128
26,85,126
25,90,129
26,79,125
26,115,132
26,112,127
26,145,125
24,207,124
26,190,124
26,204,123
25,152,127
26,120,129
23,164,131
25,163,125
26,151,124
26,166,124
22,173,124
25,144,123
26,142,130
23,163,125
26,166,124
25,209,127
24,247,127
24,204,129
24,247,133
26,255,128
24,193,130
26,191,127
26,162,129
24,170,127
27,209,125
24,255,128
27,204,127
26,210,127
170,239,128
23,255,127
173,207,126
25,255,129
24,219,130
27,221,129
25,255,129
25,211,130
25,219,131
26,255,130
25,235,132
28,255,128
24,255,128
22,255,132
170,255,130
170,255,132
23,230,129
25,255,128
25,221,128
173,255,129
26,255,131
173,255,131
26,255,129
23,243,133
26,234,130
26,255,125
26,255,127
27,255,130
24,255,131
24,255,132
25,255,128
24,255,130
22,255,132
173,255,132
25,255,130
26,255,131
26,255,129
23,255,128
24,255,128
26,255,132
23,255,129
23,255,127
23,255,129
24,255,133
26,255,129
26,255,125
23,255,131
26,255,132
25,255,128
27,255,127
23,206,126
178,255,128
25,255,130
24,255,127
23,255,130
173,255,127
25,255,128
22,255,130
23,255,124
25,255,127
25,255,127
26,255,128
25,255,126
22,255,132
178,255,130
26,255,125
22,228,127
26,255,127
173,255,126
24,255,127
23,255,129
24,255,125
28,255,129
173,255,127
25,255,124
24,255,129
26,255,130
26,255,130
25,255,130
26,255,127
171,182,129
178,237,130
171,213,126
27,255,126
26,255,129
23,255,134
173,255,129
24,204,129
26,255,131
26,255,127
26,255,127
25,255,126
26,255,129
26,255,123
25,255,125
24,255,127
24,255,127
178,237,126
24,255,134
26,255,130
30,255,131
25,255,132
24,255,130
22,255,133
30,255,130
27,255,131
26,255,131
26,255,130
26,255,124
23,255,133
23,255,132
26,229,126
30,244,131
24,255,133
25,255,127
23,255,125
24,255,125
23,255,125
25,255,126
26,255,127
26,255,126
24,255,127
25,255,132
26,255,131
37,255,132
170,255,132
30,255,134
28,255,130
29,255,128
171,191,128
24,255,126
173,255,121
35,255,124
173,255,124
173,255,126
171,213,127
37,255,127
38,255,129
38,255,125
32,255,129
35,255,131
173,255,124
30,255,125
173,255,128
29,255,118
45,255,130
38,255,133
30,255,130
173,255,129
30,255,124
173,214,126
173,227,126
173,255,131
25,255,128
38,255,129
30,255,128
30,255,131
170,243,129
173,255,127
178,217,126
170,255,128
29,255,126
170,219,125
170,255,128
173,191,128
173,238,132
173,238,131
24,255,128
170,255,126
173,255,123
173,255,124
173,255,125
173,255,123
173,255,124
170,255,125
170,255,128
170,255,135
173,255,121
25,255,127
170,255,129
173,255,128
173,255,127
26,255,127
170,255,126
178,255,126
26,255,127
26,255,129
173,255,126
173,255,125
38,255,125
35,255,126
35,255,129
38,255,129
38,255,132
173,255,133
40,255,130
35,255,135
120,255,132
120,255,126
37,255,125
173,255,122
173,255,126
173,255,129
30,255,131
35,240,130
38,255,137
38,255,141
35,255,138
22,255,145
178,255,146
170,255,155
173,255,155
38,255,155
178,255,159
24,255,160
21,255,161
24,255,161
22,255,165
178,255,162
24,255,163
22,255,165
26,255,163
24,255,164
23,255,162
178,255,163
171,255,162
22,255,160
26,255,160
27,255,154
26,255,157
25,255,157
23,255,159
25,255,156
22,255,158
23,255,156
23,255,152
22,255,151
22,255,149
22,255,152
23,255,157
178,255,154
22,255,156
23,255,161
22,255,159
22,255,160
38,255,161
26,255,159
24,255,158
170,255,157
30,255,153
176,255,154
24,255,162
30,255,162
178,255,162
25,255,160
25,255,158
26,255,162
26,255,159
24,255,166
26,255,162
23,255,157
24,255,161
24,255,157
26,255,157
22,255,158
25,255,156
171,255,155
173,255,159
170,255,160
23,255,160
173,255,158
30,255,156
173,255,156
179,255,158
173,255,161
26,255,149
28,255,149
30,255,146
173,255,146
173,255,159
173,255,148
173,255,136
38,255,145
80,255,138
98,255,142
90,255,141
80,255,137
80,255,135
110,255,131
80,255,132
80,255,124
173,255,126
173,255,132
173,255,128
173,255,137
38,255,136
170,255,140
173,255,139
36,255,136
38,255,129
37,255,129
37,255,127
38,255,122
38,255,122
37,255,126
37,255,127
175,255,129
37,255,135
38,255,135
30,255,139
35,255,143
32,255,140
38,255,141
38,255,142
38,255,139
178,255,134
38,255,134
35,255,138
35,255,139
35,255,138
32,255,144
35,255,141
38,255,135
38,255,138
30,255,133
173,255,133
38,255,135
38,255,133
170,255,133
120,255,133
173,255,135
173,255,128
80,255,127
173,255,126
173,255,123
173,255,120
173,255,116
173,255,114
120,255,113
173,255,107
173,255,112
124,255,108
173,255,112
170,255,113
173,255,118
80,255,111
80,255,110
120,210,113
110,233,122
50,255,127
173,255,135
38,255,133
173,255,139
54,255,138
43,255,134
38,255,142
38,255,137
140,255,138
173,255,137
38,255,124
173,255,129
38,255,129
173,255,125
120,255,128
173,234,127
38,255,127
173,255,124
37,255,127
35,255,124
38,255,124
173,255,125
173,235,125
173,255,123
37,255,126
38,255,123
36,255,121
120,255,122
35,255,129
38,255,128
30,255,129
30,255,129
30,255,133
38,255,135
38,255,131
32,255,129
38,255,130
173,255,125
35,255,124
30,255,124
33,255,128
30,255,124
30,255,127
35,255,128
23,255,130
26,255,134
30,255,135
22,255,148
24,255,151
26,255,125
170,255,130
32,255,126
170,255,127
24,255,125
26,255,122
28,255,122
32,255,123
26,255,126
178,255,124
27,255,127
178,255,125
171,255,125
173,255,126
178,255,125
25,255,129
26,255,123
173,255,127
26,255,130
28,255,126
173,242,124
27,255,123
170,220,119
28,255,119
173,255,114
24,191,113
32,177,116
170,198,112
26,217,114
27,243,115
26,255,114
30,215,118
30,255,115
173,255,110
28,234,110
37,255,112
30,215,112
26,246,112
38,255,113
178,255,116
173,255,116
170,255,112
26,255,117
173,255,117
37,255,126
32,255,135
28,255,142
170,255,137
26,255,135
26,255,134
25,255,141
25,255,139
25,255,129
28,255,141
26,255,127
22,255,135
26,255,138
24,255,129
26,255,129
26,255,129
24,255,138
23,255,130
25,255,125
22,255,127
23,255,125
25,255,125
25,255,126
25,255,121
26,255,121
173,255,123
26,255,131
28,255,135
25,255,141
178,255,141
173,255,141
25,255,141
178,255,130
24,255,131
25,255,145
24,255,136
24,255,142
25,255,140
33,255,148
26,255,141
23,255,144
38,255,142
37,255,141
30,255,142
25,255,140
178,255,150
38,255,143
30,255,144
37,255,140
30,255,141
23,255,140
21,255,140
173,255,146
170,255,141
173,255,146
30,255,137
173,255,140
37,255,138
37,255,136
178,255,137
171,255,135
38,255,134
173,255,138
37,255,135
178,255,135
38,255,135
170,255,138
173,255,137
28,255,136
170,255,136
179,255,137
170,255,140
37,255,141
36,255,149
178,255,138
37,255,141
173,255,139
179,255,135
179,255,137
24,255,139
22,255,157
22,255,146
22,255,148
24,255,156
176,255,148
23,255,139
179,255,138
38,255,132
35,255,124
22,255,121
178,255,122
38,255,124
173,255,134
38,255,139
173,255,154
177,255,160
173,255,157
170,255,168
26,255,175
30,255,180
38,255,188
16,137,203
14,137,212
13,119,209
12,95,209
13,108,206
14,147,193
15,197,166
37,255,146
38,255,151
178,255,146
173,255,144
37,255,152
21,122,156
16,113,158
16,131,152
17,113,160
16,105,166
16,99,169
15,99,168
15,92,170
15,95,172
15,96,169
15,99,169
15,111,167
15,104,167
15,118,163
16,113,163
15,92,160
16,95,162
15,96,162
14,93,163
16,91,164
16,92,164
14,92,165
16,93,162
14,91,165
14,88,163
15,86,165
15,94,162
15,94,162
16,94,167
15,100,164
16,92,163
14,88,161
15,90,166
15,93,159
15,89,161
14,90,161
16,104,156
17,102,157
16,99,156
18,115,160
17,96,154
16,94,158
16,93,164
16,89,165
16,93,166
15,88,169
15,93,173
14,90,174
14,85,177
15,91,180
14,83,180
14,87,183
14,78,185
15,84,187
15,82,192
13,74,194
14,76,199
12,70,201
12,66,201
13,68,201
13,71,201
12,68,201
13,68,201
13,74,200
13,83,198
12,76,200
13,79,198
14,82,200
13,77,196
13,81,194
13,80,191
13,81,190
13,85,192
14,89,189
14,91,187
12,83,187
13,88,188
14,91,187
13,90,184
16,89,185
14,88,187
16,89,185
15,91,183
14,90,183
13,87,183
15,87,184
15,92,186
15,88,187
16,92,183
15,83,178
14,88,172
16,89,170
15,88,171
14,86,173
14,91,172
14,89,169
15,88,171
14,87,175
16,88,170
16,88,167
16,90,169
15,95,168
16,90,168
16,84,171
16,86,171
16,95,172
15,88,170
16,90,170
14,88,175
15,86,178
15,89,175
15,80,180
15,78,183
15,75,188
14,71,191
15,83,190
14,78,186
15,90,177
15,89,175
15,94,176
15,92,177
16,88,175
15,86,174
15,85,176
16,88,173
16,96,169
16,90,169
16,94,168
16,84,168
14,88,169
16,89,168
15,94,171
16,87,169
17,95,163
16,92,161
17,93,162
16,88,165
16,96,170
16,94,177
15,89,177
15,94,174
15,94,174
15,88,175
16,93,174
16,86,170
16,93,168
16,88,167
16,89,164
16,94,162
16,82,164
16,90,167
16,87,170
16,86,166
16,83,166
16,87,167
16,96,166
16,93,166
16,89,167
16,100,172
16,95,175
16,95,174
16,87,171
15,96,175
16,89,174
16,90,171
16,95,171
16,87,177
16,87,177
17,87,177
16,91,181
15,87,181
15,84,183
16,87,180
16,88,179
16,91,181
16,85,183
16,86,187
16,88,182
15,89,180
15,90,180
16,96,180
15,97,181
16,91,181
14,81,183
15,84,183
17,79,184
16,90,185
15,83,189
14,72,190
15,71,193
14,69,193
14,74,192
15,79,190
14,86,192
16,87,192
15,79,193
13,75,195
15,78,193
13,80,195
14,78,196
14,83,195
14,80,196
14,76,195
15,83,194
14,79,196
14,73,197
13,75,196
15,77,196
15,90,190
14,88,191
16,89,194
16,90,194
14,80,196
14,88,198
14,87,200
14,91,197
13,76,199
14,89,199
14,82,197
14,87,197
13,80,197
14,88,197
14,83,199
14,85,197
15,86,197
14,87,199
14,84,201
15,90,200
14,92,197
14,87,199
14,75,200
15,90,205
14,87,205
14,72,204
13,76,204
14,72,206
14,80,205
15,83,202
14,85,197
13,84,200
15,87,199
13,86,195
16,82,188
14,86,183
14,92,186
14,80,198
13,73,205
13,67,204
14,71,197
14,72,197
14,76,195
14,72,193
14,79,195
14,73,197
14,71,197
14,73,194
14,80,193
14,77,191
15,88,190
14,80,187
15,76,188
16,77,189
15,75,189
14,86,194
13,81,195
14,88,202
13,83,206
14,77,206
13,83,204
13,83,203
14,82,200
13,88,204
13,84,206
14,77,206
13,78,207
14,73,205
13,74,205
14,71,206
12,68,206
15,71,206
13,69,205
14,71,208
12,69,207
13,72,206
12,72,206
14,84,201
12,74,201
13,75,205
13,69,206
12,69,206
13,71,208
12,70,208
12,74,208
12,74,208
14,79,204
14,77,201
13,78,199
15,87,195
14,83,194
15,83,193
14,81,190
14,85,191
13,74,208
14,81,206
12,81,206
13,82,205
14,84,206
14,81,207
13,77,208
13,74,208
13,73,207
12,70,209
12,74,208
13,75,208
13,89,207
13,81,199
14,83,195
14,82,193
14,83,193
14,87,192
13,83,191
14,86,190
15,94,190
14,88,190
14,86,191
13,88,193
13,86,198
14,87,202
14,78,206
13,69,204
12,66,203
14,86,200
16,79,180
173,184,151
120,70,145
38,14,114
120,14,114
38,72,150
21,91,177
16,92,183
17,91,186
16,91,188
17,86,191
17,88,190
16,83,192
15,78,195
15,73,200
15,77,198
16,83,194
17,89,192
17,94,187
18,99,183
17,98,180
18,96,177
37,100,169
120,95,163
173,90,156
170,202,164
18,255,167
18,137,172
17,98,182
17,100,180
18,112,176
23,107,170
23,104,170
173,120,170
25,138,169
38,255,160
38,255,158
38,255,161
38,255,157
38,255,160
38,106,164
38,106,158
38,98,153
38,93,147
120,119,140
80,63,138
120,36,126
80,31,134
120,71,130
120,86,138
120,84,149
120,142,146
120,242,155
120,209,141
120,99,144
98,60,131
120,25,128
38,27,126
80,58,131
38,82,135
38,86,146
120,93,155
120,95,164
38,99,169
35,96,170
38,98,167
173,99,167
38,98,162
38,94,163
120,92,160
120,92,153
120,86,142
38,80,135
173,66,131
80,75,135
120,94,135
120,79,131
120,62,129
38,47,129
80,240,139
98,255,144
38,255,158
178,255,161
80,255,156
80,255,160
98,255,162
120,255,142
80,183,146
90,70,147
80,66,151
90,44,147
80,33,145
80,50,147
80,183,140
80,200,155
120,255,159
80,255,159
175,255,155
80,255,155
80,255,155
98,255,158
38,174,146
80,198,148
38,219,154
38,227,164
38,222,170
20,106,177
21,107,176
38,255,171
54,255,159
98,170,140
103,171,146
98,102,141
80,29,132
110,15,121
110,20,121
80,13,118
98,21,117
80,24,118
98,14,118
120,13,120
98,26,135
80,35,131
80,15,120
80,14,119
98,13,121
120,13,120
124,16,122
120,20,118
120,13,118
80,13,119
98,11,119
80,25,119
98,20,120
80,20,121
98,20,120
120,13,122
80,20,121
80,19,122
80,13,119
98,13,120
98,14,122
98,13,122
110,15,123
80,13,122
120,14,121
120,14,121
120,9,121
120,19,122
80,13,123
80,19,123
80,20,122
80,15,122
80,11,120
80,13,121
80,11,123
80,20,122
98,13,123
110,20,125
80,20,124
120,13,122
80,14,123
80,19,126
120,9,122
120,12,125
120,10,124
110,12,125
103,14,128
80,13,129
103,14,130
120,18,131
120,12,133
98,10,131
120,10,131
98,10,132
98,13,132
120,12,132
120,12,132
98,18,134
80,50,134
38,98,156
98,12,133
80,19,132
98,15,131
80,19,132
103,16,133
80,17,136
80,106,134
98,168,139
80,189,130
80,212,133
37,255,134
37,255,129
170,233,117
170,255,104
173,255,119
173,255,112
120,255,105
90,255,94
90,255,101
112,255,113
80,255,131
63,255,153
67,255,148
80,255,148
79,231,147
79,215,155
63,228,152
69,255,144
170,255,148
60,255,119
90,235,87
120,242,66
160,170,162
108,255,225
109,255,255
171,255,242
173,255,206
116,255,255
115,255,231
111,255,199
103,138,178
123,185,152
106,255,125
47,255,75
63,255,142
80,255,142
80,28,140
80,27,135
80,26,134
80,28,135
69,32,139
69,34,134
80,40,130
80,255,126
97,255,55
80,194,154
100,255,192
110,255,193
120,214,192
107,146,176
35,91,181
80,255,189
79,145,191
80,255,185
80,255,171
80,255,174
80,255,176
120,255,162
47,204,40
39,255,42
80,135,45
43,100,57
41,136,64
47,155,62
37,159,60
37,159,58
47,116,59
43,109,62
36,159,60
37,133,66
80,100,65
80,157,63
43,203,64
41,209,67
54,255,63
43,255,69
43,213,66
80,198,66
80,177,65
43,175,68
53,216,69
41,160,67
41,155,67
41,141,64
43,146,61
37,100,63
43,130,64
37,110,62
80,103,63
47,105,55
80,139,57
39,175,57
43,255,56
43,180,57
37,140,60
41,137,56
60,172,57
47,214,58
54,214,57
43,255,58
53,255,56
41,255,58
120,255,60
47,255,61
43,239,56
43,255,60
47,255,60
170,197,58
45,238,58
47,194,59
43,131,61
54,131,53
43,124,56
47,159,53
47,118,54
43,124,54
80,113,55
60,170,58
54,203,58
43,164,57
47,110,55
47,119,53
54,131,55
43,107,53
43,133,53
54,104,55
43,102,55
53,125,56
60,115,61
53,104,57
43,113,58
47,100,60
78,96,60
47,115,59
47,127,60
47,133,60
54,91,58
60,133,55
47,121,56
54,105,55
43,111,56
43,114,58
60,127,60
47,104,66
43,93,78
44,101,86
45,99,91
45,72,92
47,79,91
60,72,92
55,72,100
42,86,98
44,91,98
48,87,99
58,81,99
49,91,101
55,84,99
51,73,104
45,77,105
58,83,108
60,96,106
51,93,109
51,136,109
49,182,112
58,185,112
45,224,115
55,214,106
45,255,106
43,236,99
43,255,89
48,255,94
47,255,86
54,255,91
80,255,96
43,255,91
41,255,89
80,255,94
80,255,88
80,255,86
80,255,84
47,255,90
173,255,90
80,255,89
54,255,86
44,255,94
48,255,89
80,255,95
80,255,96
80,255,101
80,255,136
63,255,130
63,255,135
60,240,136
69,255,134
63,255,139
60,71,136
68,40,118
79,39,117
79,38,117
68,34,118
79,31,121
68,36,120
78,38,119
60,36,119
79,32,120
55,39,118
60,32,119
68,40,126
53,38,143
80,48,144
79,61,145
68,40,135
60,42,135
60,57,138
68,51,137
79,44,132
60,43,130
68,50,136
79,57,137
80,48,127
78,58,128
79,63,117
80,46,133
80,46,130
80,46,124
80,40,131
80,36,130
80,35,128
80,28,133
80,24,133
120,23,140
38,28,140
80,27,142
80,32,145
80,31,131
80,31,138
38,24,132
38,37,141
38,26,151
38,31,159
120,25,166
38,23,163
38,23,160
38,29,159
38,31,157
38,24,155
38,28,153
38,25,154
38,34,151
80,37,161
38,29,153
38,30,154
38,20,155
38,26,157
38,31,161
38,22,164
38,22,166
38,27,165
38,23,171
38,26,171
38,18,171
38,20,171
38,22,169
38,18,174
38,18,172
38,15,174
38,21,175
38,18,173
80,14,177
38,18,176
38,18,175
38,21,178
38,18,176
38,22,177
38,18,175
38,21,176
38,18,175
38,16,176
38,21,177
38,21,176
38,21,177
38,21,175
38,18,174
38,21,177
38,21,177
38,15,175
38,21,175
38,23,175
38,18,176
38,16,175
38,14,176
38,18,173
38,18,174
38,18,174
38,19,173
38,16,173
38,21,175
38,24,177
38,18,174
38,18,175
38,18,174
38,21,174
38,21,174
38,18,173
38,18,173
38,21,173
38,14,173
38,18,174
38,16,175
38,18,176
38,18,175
38,21,174
38,18,176
38,16,174
38,23,175
38,18,174
38,23,175
38,21,176
38,21,175
38,21,176
38,19,174
38,15,174
38,16,174
38,18,176
38,14,177
38,21,173
38,19,176
38,16,176
38,18,176
38,20,174
38,21,176
38,18,173
38,14,171
38,24,174
38,17,176
38,18,174
38,23,174
38,18,174
38,18,175
38,15,173
38,18,175
38,18,175
38,18,174
38,21,174
38,18,175
38,15,173
38,18,175
38,18,173
38,18,176
38,21,177
38,21,174
38,14,175
38,26,177
38,18,175
38,16,173
38,21,175
38,18,173
38,21,174
38,21,176
38,21,176
38,21,175
38,21,175
38,19,174
38,19,173
38,18,176
38,21,176
38,15,173
38,25,177
38,18,175
38,15,174
38,18,177
38,15,174
38,18,175
38,21,174
38,16,175
38,26,174
38,16,175
38,21,176
38,18,176
38,18,175
38,18,173
38,22,176
38,21,172
38,22,176
38,16,173
38,21,175
38,14,175
38,18,172
38,18,176
38,21,174
38,23,174
38,18,174
38,18,175
38,22,175
38,21,175
38,18,174
38,21,175
38,18,173
38,14,175
38,21,176
38,21,175
38,21,176
38,21,173
38,18,175
38,16,173
38,18,175
38,18,175
38,18,175
38,18,176
38,25,176
38,18,176
38,16,174
38,21,176
38,18,177
38,20,174
38,18,176
38,18,175
38,18,178
38,21,176
38,18,175
38,18,173
38,21,174
38,18,174
38,18,170
38,23,175
38,18,176
38,21,176
38,23,172
38,23,175
38,18,176
38,15,175
38,19,173
38,20,174
38,26,176
38,18,173
38,18,171
38,21,171
38,17,171
38,21,173
38,18,170
38,18,169
38,21,170
38,22,169
38,25,170
38,23,172
38,22,170
38,20,169
38,18,172
38,18,170
38,21,170
38,22,172
38,18,172
38,25,169
38,25,170
38,22,169
38,22,170
38,22,170
38,21,172
80,26,172
38,18,169
38,18,168
120,26,171
38,21,171
38,18,170
38,22,170
38,20,171
38,19,172
38,28,170
38,18,169
38,21,171
38,21,169
38,25,171
38,22,171
38,21,171
38,23,170
38,20,169
20,183,180
171,255,213
156,162,253
164,192,255
177,210,251
177,153,228
140,185,215
170,132,245
100,137,214
24,140,208
22,126,207
21,123,210
23,123,202
29,97,193
170,90,195
30,79,168
173,68,149
37,64,150
173,65,145
38,63,148
38,51,146
38,68,146
38,68,153
38,54,165
38,43,164
38,54,163
38,67,160
38,63,149
38,75,145
32,64,138
36,90,161
158,97,210
171,100,206
18,134,210
17,128,213
17,175,204
21,134,201
27,146,202
22,94,195
20,154,195
19,166,196
179,205,191
179,185,195
178,193,191
179,121,197
14,143,192
13,137,185
16,116,178
15,153,157
15,123,168
18,135,155
17,112,153
16,113,151
17,121,151
17,108,157
17,98,162
17,93,163
16,103,165
17,95,181
16,84,196
15,67,197
15,72,197
17,67,196
17,70,195
15,67,195
15,70,195
15,69,194
15,66,195
15,64,195
15,64,195
15,64,196
15,65,194
15,62,197
14,62,196
16,62,195
16,63,195
15,64,192
15,64,192
15,70,194
16,72,194
15,68,192
15,70,194
15,66,195
17,71,197
15,73,194
14,75,196
15,68,196
15,68,199
15,64,202
14,64,202
14,64,201
13,60,202
15,62,202
14,61,202
14,62,201
15,66,199
16,72,198
15,77,197
15,79,197
15,82,196
15,82,200
16,82,199
15,72,197
16,78,198
16,82,194
16,93,191
16,82,192
17,84,195
16,85,196
15,82,197
16,77,197
15,75,198
16,78,198
17,79,196
15,75,198
16,73,200
16,76,201
16,80,201
16,74,203
16,77,205
15,68,207
16,71,207
15,73,207
16,81,205
16,93,180
16,92,175
16,91,166
17,100,166
17,102,169
16,90,179
16,89,189
15,79,194
15,93,194
16,133,189
16,150,175
17,156,156
17,162,144
17,167,142
17,157,145
17,153,144
17,163,149
17,141,146
17,136,153
18,158,163
17,112,173
17,106,174
17,118,177
17,132,172
17,167,166
18,125,181
17,117,180
18,136,175
17,131,179
18,150,164
17,143,165
17,143,163
16,135,163
17,137,162
17,156,165
18,149,163
17,142,167
17,127,171
17,128,167
17,142,165
18,131,164
18,137,164
18,135,163
17,116,168
17,124,167
17,137,162
18,117,161
18,136,156
18,135,159
17,121,160
18,121,167
17,117,170
17,106,174
17,134,174
16,143,174
17,125,172
17,125,172
17,128,174
17,90,175
17,94,177
17,90,178
18,104,173
17,110,177
17,116,175
17,91,179
17,96,179
18,93,179
19,97,177
17,88,178
17,98,176
17,101,174
17,97,173
17,129,170
16,112,168
17,105,171
17,103,176
16,92,181
17,97,175
16,90,187
17,87,188
17,97,196
16,83,205
16,70,208
15,69,211
16,76,208
17,74,199
22,162,201
173,255,195
101,225,193
103,135,165
35,89,185
18,91,190
18,81,194
18,80,207
16,81,208
17,83,205
16,76,206
17,75,206
16,75,207
16,76,205
16,78,207
17,78,205
16,76,207
16,76,205
16,80,205
17,81,205
17,75,200
19,84,188
38,82,178
80,71,154
80,16,148
114,170,163
60,162,183
19,88,186
18,89,184
19,95,167
19,99,161
19,122,152
19,124,147
20,145,146
19,127,147
20,139,156
20,139,166
22,128,176
37,174,178
173,255,175
120,255,170
173,255,173
80,255,173
80,255,180
107,255,180
80,255,179
113,255,177
98,255,173
85,255,171
170,255,166
80,255,167
22,125,173
20,150,177
19,120,181
19,117,185
17,95,192
17,88,198
17,87,196
17,85,195
18,87,191
20,84,193
19,87,187
18,89,192
18,94,198
17,92,200
17,78,198
17,74,195
18,86,192
17,77,185
19,97,184
17,89,184
19,99,185
19,107,181
19,101,180
19,96,178
19,89,175
18,91,174
19,93,173
19,86,175
20,93,172
20,97,171
19,115,166
19,110,167
19,116,167
19,102,169
19,110,174
20,123,172
20,108,173
20,119,173
19,108,174
20,119,174
20,104,175
19,118,174
19,103,173
20,117,175
19,110,179
19,113,176
20,102,181
19,80,189
18,79,188
19,90,187
19,82,184
19,97,185
19,90,184
17,82,185
18,73,186
17,73,186
17,66,188
17,66,191
18,73,194
18,78,192
17,69,191
17,74,190
18,75,190
18,78,185
19,81,184
19,87,184
18,87,186
17,70,192
17,81,192
17,74,190
17,87,183
17,88,180
19,98,182
17,91,186
17,89,191
17,95,190
18,111,191
18,100,194
17,95,192
17,99,195
16,95,198
18,102,196
17,91,197
17,93,195
19,97,191
20,134,181
22,131,168
20,117,164
19,115,156
20,145,150
21,130,148
22,112,153
19,103,168
18,100,178
17,100,180
18,106,183
18,97,182
17,94,187
17,87,189
17,88,189
17,90,189
17,89,189
17,94,189
16,91,188
17,90,189
17,86,192
17,87,195
16,88,198
17,85,198
17,94,201
17,88,201
16,86,198
16,88,199
15,83,201
16,93,198
16,84,200
16,85,204
16,83,203
16,87,204
16,90,203
19,107,203
35,190,193
120,255,187
43,255,191
29,128,196
173,255,187
38,255,185
60,255,184
41,255,188
173,242,191
35,255,188
173,255,185
38,255,188
38,255,189
60,255,192
35,255,194
38,255,194
60,255,191
60,255,190
60,255,192
38,255,190
37,255,190
37,255,192
173,255,193
78,255,189
97,255,179
60,255,180
24,193,191
19,127,199
17,93,200
17,98,193
19,121,185
18,114,184
18,101,189
20,106,192
21,147,192
38,255,187
80,255,185
80,255,185
37,255,191
80,255,194
45,255,196
38,255,192
38,255,193
38,255,189
173,255,187
45,255,184
54,255,182
173,255,182
23,255,183
45,255,179
173,255,171
30,155,170
24,123,174
22,106,173
23,112,164
25,127,165
24,119,172
22,141,179
20,112,178
19,99,184
17,103,186
17,93,192
17,86,190
19,101,187
18,98,185
19,112,183
19,124,180
19,118,180
18,102,180
20,170,177
22,159,174
26,175,172
37,154,170
28,135,170
26,181,172
26,155,174
24,112,176
19,106,177
27,101,177
22,118,178
24,113,176
26,119,175
25,114,172
21,96,175
21,106,176
20,110,181
22,120,177
21,104,178
20,115,182
19,103,183
20,103,186
18,110,187
17,95,190
17,108,199
17,104,203
17,101,197
17,95,192
18,106,186
17,105,181
16,99,167
17,100,158
18,112,154
19,127,154
19,137,149
20,125,150
22,159,148
24,174,163
38,255,163
38,255,161
120,255,152
38,255,161
79,255,163
78,255,159
173,255,161
80,255,153
80,255,141
60,255,143
47,255,145
90,255,154
54,255,162
79,255,162
173,255,167
38,255,158
80,255,157
37,255,157
38,106,155
38,113,131
37,117,131
120,191,154
38,236,151
38,206,145
38,165,142
38,191,141
38,162,140
38,182,140
38,172,139
38,185,140
38,180,139
38,210,140
38,180,139
38,255,140
38,198,142
38,201,141
38,233,141
38,204,140
37,255,137
38,255,135
38,255,133
38,255,134
38,255,135
38,255,135
38,255,136
38,255,137
38,255,136
38,255,136
38,246,138
38,195,138
38,193,140
38,187,140
38,205,138
38,231,138
38,208,140
38,110,141
38,69,142
38,40,142
38,47,142
38,71,141
38,130,139
38,109,141
38,12,140
38,12,139
38,16,140
38,12,138
38,12,139
38,12,140
38,21,140
38,13,138
38,21,139
38,21,139
38,17,138
38,34,139
38,28,139
38,17,139
38,18,140
38,20,139
38,16,140
38,17,139
38,20,140
38,19,140
38,12,141
38,19,140
38,17,140
38,23,140
38,15,140
38,17,140
38,20,140
38,32,142
38,42,140
38,46,140
38,36,140
14,124,206
14,91,208
18,124,211
179,152,199
23,166,187
25,103,192
30,140,173
38,133,129
38,84,169
37,101,208
21,98,208
12,97,208
14,71,212
14,98,203
15,83,174
16,89,170
14,84,193
12,79,206
13,81,201
13,87,195
13,98,188
15,130,173
16,140,165
16,147,180
17,108,179
16,130,160
15,113,145
15,146,143
16,135,142
16,135,145
17,167,144
16,146,153
26,161,164
37,129,166
38,135,156
120,113,155
120,35,148
120,11,143
80,8,143
80,7,143
80,8,142
120,11,143
120,17,142
80,53,144
38,79,141
38,111,144
38,87,145
38,115,150
35,96,167
21,114,167
19,108,177
22,105,174
18,135,152
17,103,154
17,109,155
16,96,150
18,90,155
16,104,159
16,96,170
15,90,182
16,82,185
16,84,184
16,92,178
17,96,181
16,95,177
17,108,168
19,110,153
22,127,153
23,122,155
21,121,156
17,104,161
17,110,161
18,137,156
19,151,151
20,148,155
17,138,157
17,114,163
16,108,165
16,112,168
18,110,170
16,100,169
16,108,167
15,97,171
14,86,185
14,77,191
14,81,192
16,89,190
14,87,187
16,90,179
15,92,179
16,102,179
15,86,189
16,91,188
15,91,187
15,89,187
17,103,186
15,79,184
16,86,185
17,91,182
16,94,180
16,99,178
16,105,173
17,104,177
17,93,180
15,81,183
15,76,188
15,73,186
15,77,188
15,75,190
16,80,188
15,79,185
17,113,182
18,120,180
18,123,176
17,106,174
15,83,179
14,81,186
15,81,184
14,84,189
14,85,195
16,92,199
14,94,196
14,88,193
14,107,193
15,111,186
16,117,182
18,139,173
38,255,175
176,255,169
38,255,160
173,255,160
178,255,175
38,255,172
173,255,170
173,255,172
98,255,102
171,255,98
38,255,108
30,153,108
21,133,122
20,134,128
17,136,133
18,119,141
16,103,146
16,107,154
16,91,155
16,92,158
17,99,158
16,94,156
15,96,164
17,111,168
18,129,166
22,146,156
26,145,146
26,140,144
20,153,148
18,129,157
18,118,163
17,124,169
17,117,171
17,102,183
16,73,191
16,76,192
15,71,190
15,76,187
15,71,191
15,74,192
15,68,196
15,66,197
15,68,197
15,71,195
15,69,195
16,70,190
16,76,185
16,74,184
16,71,185
15,72,188
15,72,190
15,68,188
17,82,184
17,109,163
18,108,161
17,103,163
17,103,170
17,99,177
17,92,183
15,84,186
17,84,188
16,86,189
15,67,192
15,64,193
16,77,195
14,71,194
15,75,194
16,79,193
14,77,196
15,81,194
15,90,190
17,99,188
16,108,184
16,102,183
16,93,183
17,90,174
16,105,167
17,98,175
16,86,182
17,89,184
15,81,187
15,81,189
15,77,191
15,77,192
14,71,194
15,71,193
15,73,196
15,65,197
14,62,198
14,64,199
14,66,201
14,63,203
14,70,203
15,78,202
13,67,202
14,64,203
14,67,204
14,67,206
15,72,205
14,68,206
14,67,207
14,70,207
13,75,210
14,77,209
15,78,208
14,80,209
15,84,207
15,83,204
15,73,204
14,75,201
14,73,201
14,76,201
15,73,202
14,73,198
15,79,196
15,78,193
15,67,198
15,68,197
14,68,199
15,70,196
15,75,192
16,76,187
16,70,184
15,77,182
15,74,183
15,68,185
17,76,182
15,71,181
16,77,182
15,71,180
15,69,179
16,74,181
15,71,181
15,72,178
16,72,180
15,70,182
15,73,183
15,69,185
15,68,188
15,69,192
15,67,191
15,72,192
15,72,190
16,80,186
15,80,181
15,83,180
15,81,182
15,75,184
15,68,193
14,62,198
13,62,203
13,65,205
12,67,205
12,65,207
12,64,207
12,67,208
12,65,208
12,65,208
12,69,208
12,67,209
13,68,211
13,69,213
12,69,212
13,69,212
12,64,212
12,69,212
12,68,211
12,69,212
12,64,211
12,69,212
12,66,212
12,68,212
14,69,211
12,70,211
12,69,210
13,69,211
13,69,209
13,68,208
13,67,208
13,67,203
13,71,197
14,64,202
13,63,204
13,62,204
13,63,203
14,68,206
14,69,204
14,69,203
14,66,204
13,68,207
13,67,206
13,66,207
13,69,205
13,72,206
13,69,205
14,71,207
15,69,205
14,67,206
14,69,205
13,70,206
14,69,207
14,74,208
14,77,206
14,74,206
14,74,203
14,69,201
14,66,201
14,74,204
14,74,203
14,75,202
13,68,201
14,71,199
15,69,200
13,61,200
13,65,200
14,62,203
12,64,206
13,70,206
12,63,206
14,64,203
13,63,203
12,66,203
13,65,206
12,70,205
13,65,203
12,66,203
12,68,207
12,67,210
12,66,207
13,68,206
13,64,206
12,67,206
15,68,202
13,66,199
15,63,197
13,60,199
14,64,199
14,61,200
13,62,200
14,61,201
14,61,200
13,60,200
15,63,201
13,66,200
13,60,199
14,63,200
14,62,203
14,63,204
12,61,206
13,63,206
12,65,207
14,65,206
13,60,205
15,66,201
15,70,196
15,68,196
15,65,199
15,66,201
15,64,202
15,63,202
15,69,201
16,68,200
14,65,200
15,63,200
14,59,202
14,62,204
14,59,204
14,61,210
14,61,209
15,61,208
14,61,208
15,62,204
15,69,201
15,74,195
15,72,192
15,71,194
15,68,199
15,68,202
14,63,205
14,65,204
14,63,205
12,66,206
12,70,206
13,70,207
13,70,208
13,68,208
14,68,208
14,66,207
14,68,208
15,63,207
15,66,205
14,68,204
14,71,201
13,79,200
14,95,198
15,90,179
16,98,163
15,88,159
15,88,161
16,95,163
16,86,164
14,79,165
16,91,160
16,103,159
16,102,158
16,104,157
14,90,161
16,99,169
16,94,172
14,94,176
15,99,176
16,104,152
16,101,151
15,94,150
15,104,159
15,124,167
14,103,175
14,101,176
16,101,163
17,108,159
18,112,157
18,111,153
16,102,163
14,82,183
16,87,181
16,81,178
15,83,183
15,83,184
14,79,186
14,77,189
15,87,190
15,77,193
15,78,193
15,77,195
15,74,198
12,63,205
13,67,207
13,67,209
14,65,210
14,66,209
13,64,207
13,67,208
14,67,207
12,61,204
14,65,203
16,67,199
15,72,198
14,69,200
15,70,202
14,74,200
16,75,197
15,74,197
15,77,196
16,83,195
15,90,191
16,87,187
16,92,184
17,88,181
16,92,181
16,86,180
17,93,171
16,90,160
17,101,158
17,96,156
17,100,154
19,104,144
25,139,143
38,255,164
38,255,183
171,255,183
179,255,185
175,255,187
23,255,191
20,255,193
18,255,197
17,255,185
173,255,181
25,255,171
60,255,177
29,255,184
23,255,189
17,99,190
21,113,193
20,110,196
19,119,202
18,158,200
16,115,202
16,126,199
18,159,198
18,118,195
17,120,196
17,102,194
18,155,197
16,119,197
17,102,196
18,110,197
19,110,195
19,86,196
18,77,195
17,76,193
19,87,193
18,83,192
18,105,188
17,116,189
17,85,188
19,78,188
18,79,188
17,76,190
17,73,192
18,72,190
17,84,194
17,74,194
17,73,193
17,72,193
17,69,195
16,74,197
16,73,196
15,68,196
17,71,199
17,71,200
16,72,198
17,69,197
16,72,200
15,70,200
16,70,202
16,71,201
15,69,201
16,68,201
16,72,201
17,71,202
16,69,201
16,72,202
15,67,202
16,67,202
15,68,202
16,69,204
15,67,204
17,68,205
14,68,205
15,66,205
16,64,203
16,70,201
16,64,203
15,66,204
16,67,203
15,69,204
15,71,202
15,69,202
14,69,203
17,70,201
15,70,202
15,64,207
14,68,205
15,63,208
15,63,206
14,62,208
14,65,208
13,65,207
15,64,210
16,64,207
15,65,208
15,65,208
15,65,209
15,63,208
15,61,208
14,66,207
15,63,206
15,67,202
17,70,198
16,74,191
17,70,178
16,72,178
18,81,177
16,78,177
17,71,175
17,70,173
17,78,175
17,78,174
17,81,176
16,77,171
16,73,173
16,72,175
16,76,174
16,73,175
17,72,174
16,74,173
16,84,174
17,81,177
17,85,177
18,96,177
18,90,176
17,82,175
17,77,177
17,81,177
17,75,177
17,71,178
16,77,178
15,69,176
16,68,178
16,68,175
16,71,177
17,74,177
16,74,176
16,71,176
16,73,177
16,73,179
17,69,179
16,71,178
17,72,178
17,71,179
18,80,181
17,89,185
18,90,194
17,87,197
17,86,199
17,71,202
16,64,203
17,67,201
16,69,202
15,68,205
16,68,205
17,68,206
15,68,207
15,68,206
15,67,205
17,71,205
16,65,206
16,65,204
17,69,204
16,70,195
17,67,194
15,67,194
15,70,197
17,73,194
17,71,188
16,68,184
16,67,185
16,65,187
16,70,191
17,67,192
15,69,191
17,69,190
17,73,184
17,80,182
17,85,177
17,82,175
17,90,174
18,97,172
17,90,172
17,84,177
18,89,184
17,79,184
17,79,183
17,78,184
17,74,185
17,73,186
19,71,183
17,74,178
17,71,178
17,72,178
17,74,182
18,75,182
17,81,180
17,74,183
16,81,193
17,79,189
17,77,175
19,81,177
17,73,187
17,84,190
17,75,192
17,81,194
17,75,193
17,76,195
18,70,196
17,72,200
16,70,202
15,70,203
15,68,203
17,68,203
16,65,201
17,79,198
17,81,195
17,73,192
17,76,191
17,75,188
18,81,190
17,80,189
18,86,186
18,115,181
18,113,180
28,113,177
37,95,177
37,98,176
38,118,176
38,110,177
37,106,176
38,100,176
37,104,176
173,105,177
173,105,174
80,157,175
120,44,121
80,94,129
120,130,141
170,213,123
173,69,121
170,131,117
124,169,182
173,142,194
145,153,233
132,218,248
140,181,246
123,148,202
124,184,173
170,233,212
179,184,211
160,208,220
170,201,221
173,213,254
171,193,253
120,255,255
173,223,255
120,233,242
112,240,186
145,255,175
120,255,176
171,255,180
178,147,177
173,153,179
170,174,180
173,170,181
160,209,179
178,156,180
80,148,179
170,159,180
173,181,179
178,174,183
178,162,182
38,186,182
37,179,182
98,193,181
173,205,183
173,223,182
23,192,176
171,194,179
19,162,179
20,140,182
18,123,178
18,116,177
19,117,176
18,99,175
18,110,175
19,139,176
19,130,175
18,91,175
17,84,174
17,74,178
17,75,178
17,75,181
16,67,180
16,70,189
16,69,190
16,68,191
15,68,193
17,72,194
15,68,194
16,73,195
15,67,196
16,72,196
16,68,195
16,69,195
15,66,195
16,68,195
17,71,194
15,66,196
15,67,196
15,67,195
16,70,196
15,67,195
15,67,198
17,71,198
16,74,198
17,72,197
15,73,195
16,77,192
16,74,192
16,78,191
16,78,193
17,82,186
17,79,177
17,83,169
17,81,161
17,89,161
17,89,159
17,101,157
16,105,153
18,121,148
17,111,147
19,111,145
19,120,141
20,119,142
19,105,142
18,113,145
19,120,144
21,118,134
26,124,132
20,115,135
22,129,138
20,125,137
20,115,136
20,116,137
20,117,141
18,119,143
19,120,140
20,123,138
19,118,137
18,118,139
18,113,142
18,115,148
17,115,151
17,107,154
18,115,158
17,99,159
17,94,169
15,79,179
16,69,193
14,72,195
17,85,190
17,91,192
38,25,139
38,24,138
80,24,131
120,21,124
80,20,119
80,25,118
80,20,116
80,14,114
80,20,115
80,22,113
80,40,112
80,43,109
80,30,107
80,32,108
54,37,106
80,28,102
54,43,102
80,33,100
120,43,105
113,36,104
98,35,109
38,35,108
98,55,110
54,36,110
80,58,112
38,54,115
80,35,111
80,29,113
80,29,112
80,42,112
80,35,113
38,53,112
54,29,113
120,55,114
80,53,111
80,48,112
54,49,111
38,35,111
80,28,111
80,30,112
80,36,115
80,30,112
80,30,114
80,48,115
38,46,115
38,49,117
38,41,114
80,53,113
47,42,115
38,42,113
80,46,113
38,48,111
38,38,112
80,52,111
38,48,109
38,43,111
38,59,113
47,50,113
43,45,109
38,57,109
80,37,111
38,47,111
43,51,113
38,53,113
38,52,108
38,46,105
38,54,106
38,57,106
38,36,113
80,54,114
80,54,110
38,57,105
54,39,106
38,43,105
38,36,106
80,37,105
38,53,104
38,47,106
38,36,107
54,53,107
37,60,101
38,57,95
80,38,99
38,62,102
38,51,102
47,50,105
80,63,104
80,63,103
37,69,104
54,50,105
38,55,108
41,63,115
38,50,110
80,45,108
80,48,105
54,65,105
47,57,106
54,48,110
80,58,106
54,51,107
38,48,103
80,52,103
38,47,105
80,51,107
80,52,114
43,43,117
47,42,121
38,33,120
80,29,121
38,44,118
38,47,116
80,54,113
80,24,111
80,33,107
38,56,106
38,58,104
38,73,103
37,59,102
47,56,98
47,57,93
38,84,88
47,80,84
37,97,82
38,81,85
37,72,85
37,59,82
54,53,84
38,80,90
38,64,92
37,65,92
37,108,89
38,58,87
37,80,85
38,89,86
37,74,85
36,80,89
38,83,86
38,73,86
38,71,87
38,68,89
37,68,91
54,62,90
38,65,90
38,83,90
43,58,91
43,67,94
37,59,96
43,55,96
37,60,101
37,52,102
47,67,101
80,59,101
80,62,102
38,56,104
37,60,98
47,51,96
38,74,93
54,70,90
38,72,87
43,80,86
38,76,81
43,78,80
47,75,81
38,61,79
38,60,83
37,82,83
38,76,83
80,74,83
43,69,84
37,100,82
37,73,82
38,71,82
38,58,83
80,68,90
38,66,95
37,54,99
38,49,99
47,81,97
38,41,83
38,56,78
38,96,74
38,72,80
38,106,79
38,76,81
38,62,84
38,73,86
38,62,90
37,78,89
38,72,82
37,71,80
38,60,77
38,89,84
54,75,81
38,77,80
37,78,82
38,77,79
37,73,78
38,54,80
37,71,82
37,78,87
37,65,92
38,60,91
38,68,88
38,63,90
38,68,89
37,85,89
38,59,91
37,73,96
80,58,95
38,60,96
80,73,95
38,65,103
37,52,101
37,53,100
38,75,99
37,52,100
38,60,100
38,58,100
37,64,102
38,48,102
38,60,105
38,53,104
37,52,104
38,52,104
38,60,100
38,73,101
37,58,104
38,66,103
54,52,103
47,69,98
54,71,84
38,73,76
38,84,83
54,70,91
37,66,95
37,84,102
38,64,93
54,72,93
80,73,85
41,77,83
38,78,83
54,75,83
38,82,82
38,67,80
80,61,79
43,89,79
38,75,79
37,96,78
38,60,78
80,68,83
54,95,78
54,96,79
38,79,79
38,79,77
38,81,78
38,65,77
54,94,78
38,61,80
38,69,87
38,82,88
37,86,89
37,79,85
43,79,77
37,94,75
38,68,76
37,73,75
37,69,76
37,95,76
38,103,76
37,91,74
37,89,76
38,91,76
38,64,75
38,62,79
38,88,73
38,78,74
37,81,78
54,93,75
38,65,76
38,71,79
38,53,86
38,72,87
37,69,90
38,68,91
37,77,93
37,78,92
38,66,87
37,85,78
38,66,78
37,58,81
48,83,80
37,80,82
38,80,87
38,76,91
38,74,96
38,55,95
38,67,95
37,76,91
37,78,93
37,84,89
38,68,91
80,63,91
38,72,90
38,66,85
37,69,84
80,66,87
38,85,77
38,62,76
38,70,78
38,104,80
38,48,78
38,47,81
38,74,79
98,73,82
38,84,79
43,83,77
38,83,76
54,72,71
37,85,67
38,82,69
38,53,75
38,63,80
47,90,79
37,77,80
37,80,69
38,100,67
80,94,67
38,82,70
54,85,67
38,98,65
38,90,64
47,102,61
54,85,63
38,83,62
37,82,65
38,83,64
38,87,64
37,109,65
38,122,64
54,98,64
38,87,62
54,136,63
38,102,65
37,94,62
80,98,63
80,87,63
38,83,65
80,82,61
54,81,61
80,90,63
80,82,65
80,76,67
54,87,70
54,79,65
38,92,65
80,91,65
38,80,64
38,85,64
80,94,68
38,92,63
80,85,62
38,104,63
54,63,74
47,60,88
38,52,119
80,34,131
80,18,140
80,18,142
80,22,141
80,18,142
80,17,141
80,13,143
80,13,143
80,9,144
80,13,144
80,16,147
80,13,146
80,17,148
80,10,147
98,11,149
80,17,143
80,22,143
80,26,138
80,21,120
80,15,117
80,37,117
54,35,116
80,27,116
80,21,114
47,38,116
54,37,117
80,26,119
80,25,117
80,19,126
80,19,132
54,22,135
80,21,137
80,11,139
80,12,139
80,17,139
80,17,138
80,12,139
80,18,139
80,21,139
80,12,139
80,18,138
80,18,138
80,12,139
80,11,140
80,17,141
80,11,141
80,11,140
80,17,141
80,14,139
80,14,139
80,18,138
98,12,138
38,18,137
80,18,135
80,22,137
80,18,134
80,14,133
80,18,133
80,14,134
54,22,134
80,23,133
80,18,135
80,18,137
80,17,136
80,12,135
80,18,135
80,18,135
80,14,136
80,11,137
80,12,137
80,17,139
80,9,141
80,8,139
80,17,139
80,17,140
80,19,140
80,21,138
80,18,137
38,18,136
80,24,137
80,12,139
80,20,139
80,17,140
80,17,141
98,12,140
80,17,140
80,24,141
80,24,140
54,17,140
80,21,139
54,17,138
80,25,136
80,23,129
80,22,130
80,24,129
80,15,128
54,23,129
80,19,129
80,16,130
80,24,127
47,28,128
80,19,128
98,19,128
80,18,129
38,23,129
38,33,129
54,23,129
80,23,129
80,23,130
80,23,130
80,22,130
80,27,130
80,22,132
110,19,130
54,19,131
80,22,132
80,19,132
80,22,131
80,22,133
80,18,134
80,12,131
80,22,134
80,18,133
80,19,130
80,19,130
80,19,132
80,18,134
80,10,135
80,14,135
80,22,134
80,23,132
80,19,132
80,23,131
80,18,132
80,18,133
47,27,132
80,23,131
80,22,131
80,12,131
80,22,131
80,19,132
80,19,130
80,19,130
80,19,131
80,18,134
80,18,133
80,23,132
80,18,135
80,18,135
80,21,136
54,17,137
80,11,138
80,13,139
38,25,137
80,27,135
54,24,124
38,50,113
80,40,110
54,26,112
80,38,114
80,30,116
80,20,120
54,24,120
80,24,119
80,28,122
80,13,119
38,25,117
80,21,114
80,30,118
54,25,121
38,26,122
38,25,123
38,30,123
38,20,124
38,20,124
38,21,125
38,25,124
38,14,121
38,30,117
38,21,115
38,29,115
38,21,113
38,21,114
120,14,115
120,14,118
38,20,121
38,25,122
38,19,122
80,25,121
38,29,129
38,10,150
38,16,153
38,10,153
38,7,154
38,10,155
120,10,155
80,7,156
38,7,157
80,7,157
38,7,157
38,7,156
38,10,154
38,10,154
38,7,154
38,10,154
38,15,154
80,10,154
38,10,153
38,10,154
38,10,154
38,7,154
38,7,153
38,7,154
38,10,154
80,10,153
38,10,154
38,10,153
38,7,154
38,7,154
38,15,155
38,7,155
38,10,155
80,10,156
38,10,156
38,10,156
38,18,156
38,15,156
38,10,155
38,10,154
38,15,153
38,10,152
38,19,151
38,23,143
37,35,130
38,44,110
38,43,100
38,54,96
80,54,98
38,46,101
38,45,102
38,36,101
120,45,98
38,33,91
38,58,82
38,53,75
38,63,69
54,58,74
80,47,87
120,42,97
80,47,106
80,36,109
80,51,112
80,37,111
80,45,109
38,66,103
98,41,102
80,51,102
38,57,97
38,87,90
38,77,80
38,77,73
38,65,72
38,60,65
120,91,68
38,107,68
38,77,64
38,95,63
38,91,61
38,89,66
120,87,64
38,116,62
38,116,62
38,77,64
38,71,73
38,61,87
38,77,87
38,61,89
47,67,89
38,68,89
38,102,90
38,81,87
38,69,93
38,71,93
54,68,92
80,85,94
38,83,88
38,74,80
38,69,74
38,73,70
47,79,71
38,61,71
38,82,72
38,79,72
38,64,74
38,65,76
38,59,79
37,70,84
38,53,82
38,51,90
38,59,91
38,77,77
38,52,75
38,58,76
38,59,73
38,77,73
38,65,73
38,71,73
38,53,74
38,60,76
38,64,80
38,67,83
38,65,83
38,43,95
38,48,89
38,66,84
38,54,83
38,38,94
120,48,113
38,40,126
38,41,120
38,47,112
38,50,112
120,50,106
38,39,111
38,45,114
38,63,115
38,50,120
38,32,123
120,39,123
38,41,122
120,32,123
38,25,119
120,29,117
38,33,114
38,37,116
120,22,123
38,26,124
38,49,125
38,39,117
38,31,112
80,43,101
120,40,92
38,42,97
120,48,98
38,46,99
38,39,101
120,40,95
120,53,93
38,51,95
38,38,99
120,42,102
38,34,87
38,56,75
38,64,84
38,35,114
120,16,122
120,39,109
38,41,99
38,40,102
120,46,101
38,46,109
38,44,113
120,43,116
38,28,119
80,31,136
80,8,142
80,25,143
38,13,141
120,9,141
80,14,140
38,23,143
38,54,136
120,54,135
107,255,162
40,255,164
19,255,185
173,255,179
107,80,176
17,80,182
17,77,192
16,75,191
16,73,194
15,74,198
16,74,194
16,77,189
17,75,188
17,78,187
17,83,182
16,82,189
16,86,189
16,89,181
15,92,176
15,91,167
17,80,162
38,64,146
38,53,140
30,87,164
17,85,175
15,68,180
17,76,179
21,70,174
38,72,160
38,59,128
38,48,110
173,35,109
120,30,110
173,27,116
38,30,119
173,21,142
173,71,169
13,69,193
12,70,195
12,74,192
13,83,187
16,86,184
164,236,184
170,121,255
14,107,189
12,76,197
12,67,204
10,61,205
12,63,211
11,64,215
12,68,216
10,62,220
11,60,219
24,69,229
43,72,217
140,81,208
173,106,201
80,100,210
78,98,214
80,94,227
81,99,226
81,96,232
81,92,226
80,93,231
83,106,231
81,102,238
82,100,239
81,102,232
81,99,229
83,106,232
81,105,235
82,103,239
81,102,235
85,102,236
82,110,235
82,102,236
82,104,222
85,109,216
84,110,216
81,105,231
81,97,230
80,88,219
71,74,228
71,69,229
73,75,231
80,70,231
178,67,203
173,92,161
120,108,138
110,113,137
173,70,155
170,71,178
173,77,145
173,74,96
80,99,83
90,94,73
87,96,70
103,105,68
103,127,77
173,134,72
120,146,62
38,143,61
173,108,61
38,159,59
38,118,59
32,146,56
37,138,55
37,98,54
38,140,54
37,170,55
38,135,55
38,112,54
38,160,53
38,127,52
38,118,53
38,119,57
37,142,58
33,137,58
37,124,59
173,79,58
120,128,60
80,117,67
80,125,63
80,137,67
107,141,71
106,98,133
124,60,173
140,55,185
178,255,156
93,255,136
97,179,118
80,201,102
80,170,144
80,206,158
80,164,167
78,149,167
80,145,168
80,129,172
89,225,168
87,237,136
85,243,140
81,185,144
89,195,140
92,235,149
88,153,152
85,104,154
83,100,183
80,95,207
83,95,192
83,107,138
84,93,127
80,94,177
80,71,240
22,70,238
78,107,208
83,237,191
77,255,194
76,156,175
93,115,158
104,140,138
73,177,122
79,141,84
102,110,122
104,148,138
93,107,145
178,88,119
178,93,125
178,96,124
170,103,151
171,95,180
80,217,171
173,255,184
17,255,183
14,179,202
11,87,222
10,80,234
11,75,235
175,255,220
171,255,209
158,255,212
130,233,202
143,255,227
173,255,227
173,121,217
178,255,188
173,255,72
178,255,183
178,255,206
175,255,193
178,112,168
179,194,154
179,197,159
178,243,169
173,255,179
173,206,173
173,88,176
173,15,180
179,182,188
179,251,179
179,233,199
30,177,210
120,180,210
178,255,209
177,255,255
178,255,255
124,255,255
178,255,255
178,46,197
124,65,136
112,83,105
120,83,142
120,57,180
173,24,179
173,50,177
110,76,120
120,109,116
113,117,95
115,206,255
118,176,255
115,175,213
124,63,105
173,37,190
170,107,203
173,255,217
173,255,219
170,255,215
38,68,216
173,51,200
173,47,186
120,55,125
120,80,103
123,175,123
114,183,255
177,189,255
120,154,118
140,152,241
170,130,181
178,76,189
179,92,190
173,69,182
80,255,192
120,255,200
173,67,202
120,85,175
120,60,188
80,206,182
47,255,172
158,191,37
120,135,35
90,255,33
120,255,123
170,255,199
173,255,170
170,255,91
123,219,203
15,71,226
14,70,223
140,255,157
38,245,161
38,21,159
37,45,126
37,36,117
47,42,114
38,41,115
47,46,119
43,42,129
43,36,140
43,41,146
48,41,145
48,68,141
36,255,129
43,95,148
20,96,155
20,84,173
20,79,189
20,80,185
20,90,162
27,104,159
33,210,153
29,155,155
22,88,162
20,90,167
19,88,171
20,92,167
35,90,158
48,49,138
43,56,122
42,58,113
43,53,113
42,52,115
43,58,114
41,54,123
36,63,155
17,73,208
35,115,168
17,125,191
19,90,194
21,105,154
60,59,107
80,51,98
79,42,126
79,31,124
80,36,123
60,31,123
60,34,127
54,33,129
54,34,135
54,102,140
41,93,137
17,82,183
19,101,178
17,74,186
35,111,145
35,101,147
26,105,147
33,100,149
30,97,151
35,100,152
35,97,151
26,101,158
23,100,165
22,101,167
22,96,171
21,98,171
22,90,172
22,99,172
22,87,170
22,80,173
22,77,177
22,75,180
22,81,176
22,120,164
20,140,138
22,168,125
20,169,138
19,130,174
17,121,176
20,166,140
23,146,151
45,69,117
54,53,115
63,46,117
51,50,123
60,40,126
80,25,142
54,16,146
80,16,147
80,16,145
80,16,146
98,11,145
80,11,144
38,7,139
38,7,140
38,17,135
38,17,136
38,11,137
38,11,137
38,11,137
38,8,138
38,8,138
120,8,134
38,8,130
38,12,134
38,17,140
38,11,142
38,7,142
38,11,143
38,11,139
0,0,140
38,8,137
38,17,139
38,18,130
38,12,129
38,22,128
38,12,128
38,18,128
38,22,129
38,18,129
120,22,129
38,18,128
38,18,129
38,18,128
38,22,128
38,18,128
38,22,128
38,22,129
38,18,127
38,12,127
38,26,127
38,22,127
38,22,128
38,18,127
38,22,127
38,22,128
38,26,127
38,22,127
38,22,127
38,8,126
38,18,128
38,12,126
38,27,126
38,18,127
38,12,126
38,23,126
38,28,121
38,24,122
38,29,117
38,23,112
38,29,101
37,54,101
38,57,116
37,31,131
38,17,144
38,16,146
38,21,144
38,17,147
38,17,148
38,16,146
38,11,147
38,16,147
38,18,147
38,16,147
38,16,146
38,16,146
38,16,146
38,16,146
38,11,147
38,16,147
38,16,146
38,16,146
38,11,146
38,16,146
38,16,147
38,16,146
38,16,146
38,16,146
38,16,147
38,11,146
38,16,146
38,16,148
38,16,146
38,16,148
38,16,147
38,11,147
38,16,147
38,21,147
38,20,144
38,18,141
38,21,137
38,31,135
38,17,133
38,27,129
38,24,126
38,24,123
38,24,120
38,32,115
38,38,110
38,23,107
38,33,107
38,40,107
120,24,111
38,27,107
140,16,103
124,26,104
38,44,104
38,34,105
38,28,104
38,36,103
38,35,103
38,30,102
38,53,102
38,41,101
173,41,102
38,27,104
38,35,106
38,42,107
38,35,106
38,30,105
38,35,104
38,30,101
38,48,101
38,41,100
38,36,97
38,39,98
38,43,98
38,44,97
38,48,100
38,35,99
38,44,99
38,30,98
38,60,99
38,23,105
38,36,106
38,29,107
38,28,107
120,39,105
80,28,111
38,28,113
38,27,112
38,40,115
38,23,118
38,23,123
38,28,123
38,23,124
38,33,126
38,28,126
38,15,127
120,23,130
120,14,133
120,29,135
38,22,136
38,22,135
38,27,133
120,22,131
38,15,129
38,24,129
38,20,130
120,22,107
120,35,100
38,39,100
38,35,98
38,28,102
38,30,98
120,42,100
120,48,100
38,43,100
120,49,98
120,25,105
80,27,100
54,53,101
38,24,98
120,30,98
38,40,100
38,43,102
38,24,99
38,29,100
38,28,101
38,23,101
38,15,100
38,15,101
120,24,98
38,43,98
80,37,92
120,31,93
120,18,86
120,18,88
120,34,87
120,28,87
120,19,85
80,34,85
38,48,88
124,21,87
120,19,87
120,33,86
38,40,87
38,34,86
38,34,86
38,28,88
38,28,89
38,49,85
38,39,88
120,12,88
120,19,85
110,27,89
120,28,92
120,27,92
120,18,90
80,35,91
80,43,90
120,18,88
120,35,88
120,18,88
110,27,87
38,33,89
38,35,109
38,20,115
38,33,106
120,8,137
120,8,135
120,8,135
120,8,135
38,12,135
120,8,135
0,0,135
38,12,135
120,8,134
38,17,134
38,12,134
38,12,135
38,17,134
38,25,136
38,17,136
38,17,135
38,8,135
38,11,135
120,12,135
38,12,135
120,8,135
38,17,135
38,17,135
38,21,136
38,12,135
38,12,135
38,21,135
38,25,136
38,12,136
38,17,135
38,17,137
38,21,138
38,21,137
38,17,136
38,21,136
38,22,137
38,21,137
38,17,136
38,21,137
38,11,137
38,12,137
38,12,137
38,17,136
38,17,137
38,17,136
38,21,137
38,21,137
38,21,137
38,21,137
38,21,136
38,21,137
38,17,137
38,17,136
38,17,136
38,17,137
38,21,137
38,20,137
38,21,137
38,21,137
38,17,137
38,19,137
38,21,139
38,17,137
38,21,136
38,21,137
38,21,137
38,18,137
38,18,136
38,17,136
38,12,136
38,18,137
38,21,137
38,12,137
38,17,136
38,17,137
38,12,136
38,17,137
120,11,136
38,17,138
38,17,138
38,17,139
38,20,139
38,17,139
38,11,138
38,17,135
38,19,126
38,19,125
38,19,125
37,27,126
38,19,125
38,19,125
38,13,125
120,19,125
38,27,126
38,27,127
38,19,125
38,23,126
38,23,125
38,23,124
38,19,125
38,19,125
38,23,125
38,19,125
38,19,126
38,24,126
38,19,127
38,23,126
38,23,125
38,19,125
38,23,125
38,27,125
38,27,125
38,19,125
38,19,125
38,23,125
38,13,125
38,19,124
38,19,125
38,19,125
38,27,125
38,27,125
38,23,126
38,28,126
38,27,125
38,19,125
38,33,126
38,27,126
38,27,125
38,23,126
38,23,126
38,19,125
38,27,125
38,27,125
38,27,125
38,13,125
38,23,125
38,23,125
38,27,125
38,23,125
38,19,128
38,19,125
38,23,124
38,19,126
38,23,125
38,13,125
38,28,125
38,23,125
38,27,124
38,13,124
38,19,126
38,19,124
38,23,124
38,23,125
38,19,125
38,23,125
38,23,125
38,20,126
38,19,124
37,27,125
86,84,255
86,83,255
83,86,255
83,83,255
83,86,255
84,83,255
84,84,255
83,84,255
83,84,255
84,84,255
84,84,255
84,83,255
84,85,255
84,86,255
83,85,255
84,86,255
84,85,255
84,86,255
84,85,255
83,85,255
84,83,255
84,84,255
84,86,255
83,84,255
84,83,255
83,83,255
84,83,255
84,83,255
83,85,255
84,83,255
84,85,255
84,86,255
84,86,255
83,85,255
84,83,255
83,85,255
84,83,255
84,83,255
84,83,255
84,83,255
84,86,255
84,86,255
84,86,255
83,86,255
83,85,255
84,86,255
83,85,255
83,83,255
84,83,255
83,83,255
84,83,255
84,86,255
84,86,255
84,86,255
84,86,255
83,83,255
83,86,255
84,86,255
84,84,255
84,86,255
83,83,255
84,83,255
84,86,255
84,85,255
84,83,255
84,83,255
84,83,255
83,83,255
84,83,255
84,85,255
84,85,255
84,86,255
84,83,255
84,86,255
84,86,255
84,85,255
84,85,255
84,83,255
84,85,255
84,83,255
84,83,255
83,84,255
84,83,255
84,86,255
84,83,255
83,86,255
84,83,255
84,85,255
84,83,255
84,86,255
84,83,255
84,84,255
84,84,255
84,83,255
84,83,255
84,85,255
84,83,255
84,86,255
84,83,255
84,83,255
83,83,255
84,83,255
84,83,255
84,84,255
84,83,255
83,83,255
84,83,255
84,83,255
84,86,255
84,86,255
84,86,255
84,83,255
84,86,255
84,83,255
84,83,255
84,86,255
84,83,255
84,83,255
84,83,255
83,85,255
84,83,255
84,86,255
84,83,255
84,86,255
84,84,255
84,83,255
84,85,255
83,83,255
84,86,255
84,83,255
84,85,255
83,85,255
84,83,255
84,86,255
84,83,255
84,83,255
83,83,255
84,84,255
84,86,255
84,83,255
83,83,255
83,86,255
84,86,255
84,86,255
84,83,255
84,85,255
83,86,255
84,86,255
83,85,255
84,83,255
83,83,255
84,85,255
84,83,255
84,83,255
84,85,255
83,83,255
84,85,255
84,83,255
84,84,255
83,84,255
83,86,255
83,84,255
84,86,255
84,83,255
84,83,255
84,83,255
84,83,255
84,85,255
83,83,255
84,86,255
83,84,255
83,86,255
84,85,255
84,83,255
84,84,255
84,86,255
83,84,255
84,86,255
84,84,255
84,83,255
83,83,255
84,86,255
84,85,255
84,83,255
84,85,255
84,83,255
84,83,255
84,86,255
84,85,255
84,83,255
84,84,255
83,84,255
84,83,255
84,85,255
84,83,255
84,85,255
84,83,255
83,83,255
84,85,255
84,83,255
84,83,255
84,85,255
84,83,255
84,84,255
84,84,255
84,84,255
84,85,255
83,86,255
83,83,255
84,86,255
84,84,255
84,85,255
84,85,255
83,83,255
84,86,255
84,83,255
84,84,255
83,83,255
84,83,255
84,85,255
84,85,255
84,86,255
83,86,255
83,83,255
83,83,255
84,85,255
83,85,255
84,87,255
84,83,255
84,83,255
84,84,255
84,83,255
84,83,255
84,83,255
83,86,255
84,84,255
84,86,255
83,85,255
84,83,255
84,85,255
83,83,255
84,83,255
83,84,255
84,86,255
83,84,255
84,83,255
84,86,255
83,83,255
84,83,255
84,83,255
84,85,255
84,83,255
84,85,255
84,83,255
84,85,255
84,83,255
83,83,255
83,83,255
84,83,255
84,85,255
83,83,255
83,86,255
84,85,255
84,83,255
83,83,255
84,83,255
83,84,255
84,83,255
84,83,255
84,83,255
83,85,255
83,83,255
84,84,255
83,85,255
84,83,255
84,83,255
83,85,255
83,83,255
84,85,255
83,84,255
84,86,255
83,86,255
83,83,255
84,83,255
84,85,255
83,86,255
84,85,255
84,85,255
84,86,255
84,85,255
84,86,255
83,84,255
84,83,255
84,85,255
84,83,255
84,86,255
83,83,255
83,83,255
84,83,255
84,83,255
84,85,255
84,86,255
84,83,255
83,86,255
84,83,255
83,86,255
84,83,255
83,84,255
84,83,255
83,85,255
84,84,255
84,83,255
84,86,255
84,83,255
84,85,255
84,86,255
83,86,255
83,83,255
84,83,255
84,83,255
83,86,255
84,86,255
84,85,255
84,83,255
84,83,255
84,86,255
84,86,255
84,85,255
84,83,255
83,86,255
84,83,255
84,86,255
84,85,255
84,85,255
84,84,255
84,85,255
84,83,255
83,84,255
83,86,255
84,83,255
84,83,255
84,86,255
84,83,255
83,85,255
84,85,255
83,83,255
84,85,255
84,83,255
84,85,255
83,84,255
84,85,255
83,85,255
84,83,255
84,85,255
84,83,255
84,85,255
84,85,255
84,83,255
84,83,255
84,83,255
83,84,255
84,86,255
83,86,255
84,85,255
83,85,255
84,85,255
84,85,255
84,85,255
84,85,255
84,85,255
84,84,255
84,86,255
83,83,255
84,85,255
84,83,255
83,83,255
84,85,255
84,84,255
84,84,255
84,83,255
83,85,255
84,85,255
83,83,255
84,84,255
84,85,255
84,83,255
83,83,255
84,86,255
84,84,255
84,83,255
84,83,255
83,83,255
83,86,255
84,84,255
84,84,255
69,76,255
69,77,255
70,79,255
68,77,255
68,77,255
70,77,255
69,77,255
69,76,255
69,77,255
69,77,255
69,77,255
69,77,255
69,77,255
68,76,255
68,77,255
68,77,255
69,77,255
68,77,255
69,75,255
68,76,255
68,77,255
68,76,255
69,76,255
69,76,255
69,77,255
69,76,255
68,76,255
70,77,255
69,77,255
69,76,255
68,77,255
68,77,255
84,76,255
84,78,255
84,79,255
83,80,255
84,77,255
84,76,255
84,77,255
83,80,255
84,80,255
83,79,255
84,79,255
84,79,255
84,77,255
83,78,255
83,77,255
84,77,255
84,77,255
83,79,255
84,81,255
84,80,255
84,77,255
83,76,255
83,80,255
84,79,255
84,79,255
84,77,255
83,77,255
83,79,255
84,80,255
84,79,255
84,80,255
84,79,255
84,80,255
84,80,255
84,79,255
69,77,255
68,78,255
68,76,255
67,76,255
68,77,255
68,76,255
69,79,255
70,76,255
69,77,255
68,77,255
69,79,255
69,77,255
69,77,255
68,76,255
70,76,255
69,77,255
68,77,255
69,77,255
70,76,255
68,77,255
70,80,255
67,76,255
68,77,255
68,77,255
68,77,255
69,77,255
68,76,255
69,76,255
68,77,255
70,77,255
69,77,255
68,77,255
70,79,255
69,77,255
68,77,255
70,77,255
69,77,255
69,77,255
70,79,255
69,76,255
68,77,255
68,77,255
69,77,255
70,79,255
69,77,255
68,78,255
68,77,255
68,76,255
68,77,255
68,77,255
72,83,255
73,86,255
72,83,255
72,85,255
72,83,255
73,85,255
72,83,255
72,83,255
72,83,255
73,85,255
71,84,255
73,85,255
72,83,255
72,83,255
73,85,255
72,86,255
72,86,255
72,85,255
72,86,255
73,87,255
72,83,255
73,85,255
72,83,255
73,85,255
72,83,255
72,85,255
73,85,255
72,83,255
72,83,255
73,83,255
73,86,255
73,85,255
72,83,255
71,83,255
71,84,255
71,84,255
73,86,255
73,85,255
71,84,255
71,83,255
71,84,255
73,86,255
72,83,255
72,84,255
73,85,255
73,86,255
72,83,255
73,85,255
73,83,255
72,83,255
72,83,255
72,83,255
73,85,255
73,83,255
71,84,255
71,83,255
73,86,255
73,86,255
73,86,255
71,83,255
74,85,255
71,83,255
71,83,255
73,86,255
72,83,255
72,86,255
73,83,255
71,83,255
73,83,255
73,83,255
74,85,255
73,85,255
73,85,255
71,84,255
73,85,255
73,86,255
72,83,255
73,83,255
74,85,255
71,83,255
72,83,255
73,86,255
72,83,255
72,86,255
73,85,255
71,83,255
73,86,255
73,83,255
71,83,255
72,84,255
72,83,255
73,85,255
74,85,255
73,85,255
73,86,255
72,83,255
73,86,255
72,86,255
73,85,255
72,84,255
72,83,255
73,85,255
74,85,255
73,85,255
73,85,255
73,86,255
73,83,255
72,83,255
73,85,255
73,86,255
73,86,255
73,83,255
72,83,255
72,83,255
73,83,255
72,84,255
71,84,255
73,86,255
74,85,255
73,85,255
73,83,255
71,83,255
71,84,255
73,85,255
71,83,255
73,86,255
73,85,255
73,85,255
73,83,255
72,83,255
73,83,255
71,84,255
72,83,255
72,83,255
73,85,255
73,85,255
73,86,255
73,83,255
73,86,255
72,83,255
72,83,255
72,83,255
73,85,255
73,85,255
74,85,255
73,85,255
72,83,255
72,83,255
72,85,255
71,84,255
73,86,255
73,85,255
71,84,255
73,86,255
71,83,255
71,83,255
71,83,255
73,86,255
74,85,255
73,85,255
72,83,255
71,84,255
72,83,255
72,83,255
71,84,255
73,83,255
73,83,255
72,83,255
74,85,255
73,85,255
72,83,255
74,85,255
73,85,255
73,85,255
71,84,255
74,86,255
74,87,255
73,83,255
73,86,255
72,83,255
73,85,255
73,86,255
73,86,255
72,83,255
72,83,255
72,83,255
72,83,255
72,83,255
72,83,255
73,86,255
73,85,255
71,83,255
73,86,255
73,86,255
72,84,255
73,83,255
71,83,255
72,83,255
74,85,255
72,83,255
74,85,255
74,86,255
73,86,255
72,83,255
72,84,255
74,85,255
74,85,255
73,86,255
71,84,255
73,86,255
74,86,255
73,86,255
72,86,255
71,84,255
72,86,255
73,85,255
71,83,255
73,86,255
73,86,255
74,85,255
72,85,255
72,84,255
73,85,255
71,84,255
72,83,255
72,84,255
72,83,255
72,84,255
72,84,255
74,85,255
71,83,255
73,85,255
71,83,255
71,84,255
72,84,255
72,83,255
72,84,255
73,86,255
73,86,255
72,84,255
74,86,255
73,86,255
72,83,255
72,83,255
71,83,255
72,83,255
73,86,255
73,85,255
73,83,255
73,86,255
73,86,255
73,86,255
73,83,255
72,83,255
72,84,255
73,85,255
