9,7,149
0,2,148
0,2,149
8,10,148
9,7,149
9,10,149
9,10,149
9,7,149
9,7,149
9,7,147
9,7,149
8,7,149
9,7,148
10,7,148
9,10,149
9,7,148
0,2,149
9,7,150
0,2,147
9,10,148
9,7,148
9,7,148
0,2,148
0,2,148
5,7,149
0,2,147
9,10,149
10,7,149
0,2,147
10,7,148
0,2,148
0,2,148
9,10,147
9,7,149
9,7,148
0,2,147
10,7,147
9,7,147
0,2,148
9,10,147
9,7,147
9,7,148
0,2,147
9,7,149
9,10,149
9,7,149
9,7,149
9,7,149
0,2,149
9,10,149
9,7,147
10,7,147
0,2,147
0,2,148
8,7,149
8,10,149
0,2,149
9,7,149
9,10,149
9,7,148
9,7,147
9,7,148
9,7,149
9,7,147
0,2,147
9,7,149
0,2,148
0,2,148
10,7,147
0,2,147
9,7,147
10,7,149
0,0,149
0,2,147
9,7,148
9,7,147
9,7,148
0,2,146
0,2,149
0,2,147
0,2,148
10,7,147
0,2,147
10,7,147
9,7,147
0,2,148
0,2,149
8,7,149
0,2,148
0,2,148
0,2,148
9,7,149
0,2,149
0,2,148
9,10,150
0,2,148
9,7,147
10,7,149
8,7,149
4,7,150
0,2,149
0,2,149
9,7,149
9,7,149
0,2,148
0,2,148
10,10,150
9,7,148
9,7,149
9,7,148
9,10,149
0,2,148
4,7,149
0,2,148
10,7,148
0,2,147
0,2,148
9,7,149
9,10,149
9,7,147
0,2,143
9,7,141
9,7,143
0,2,145
10,7,140
9,11,141
0,2,142
9,7,143
0,2,135
8,7,129
10,7,126
10,10,128
9,11,99
0,2,117
10,8,102
10,8,87
10,13,100
0,2,88
9,14,85
8,18,77
9,9,74
13,25,68
13,18,69
13,21,74
8,18,77
13,18,77
8,22,78
14,14,79
0,3,76
0,3,73
8,13,76
10,19,77
12,22,75
13,29,75
9,13,75
8,22,75
12,18,57
12,20,44
13,23,37
10,14,43
10,25,50
13,25,57
9,22,68
14,23,59
9,16,47
10,29,44
9,23,46
5,20,50
13,20,55
8,18,54
12,23,50
11,23,46
12,14,39
8,23,33
11,25,35
10,14,32
9,18,24
8,25,33
0,2,40
7,21,33
9,23,36
10,20,39
9,21,33
12,18,35
9,25,34
8,19,32
8,27,27
8,15,37
12,29,34
8,23,35
7,34,30
6,23,28
4,18,29
8,23,28
6,23,25
9,14,26
7,32,27
8,16,32
8,20,35
3,23,28
8,18,31
9,14,31
8,25,28
7,14,30
3,9,24
5,18,22
6,9,21
3,23,20
3,18,21
5,18,24
5,25,22
6,20,24
6,23,24
8,23,26
3,23,19
0,18,17
3,20,18
0,16,17
3,9,18
0,14,16
0,27,16
2,23,18
3,23,18
5,23,19
2,20,18
3,18,19
2,23,17
6,18,21
3,21,18
3,30,18
5,14,19
0,16,17
6,23,21
9,18,24
6,14,21
0,30,21
7,18,14
2,18,17
0,18,15
0,23,12
6,9,16
2,18,13
0,16,16
0,14,16
0,14,16
0,21,16
2,20,15
0,25,12
0,16,16
7,16,14
2,14,17
0,25,19
0,18,16
0,9,16
0,25,15
0,18,16
0,25,17
0,20,19
5,14,20
0,34,13
4,18,16
10,18,16
9,23,16
4,22,14
6,23,16
0,23,14
5,21,14
7,18,12
0,23,11
0,23,15
10,20,18
0,14,11
5,25,15
0,20,15
0,25,16
0,23,15
0,30,19
3,28,18
4,14,17
3,25,18
0,25,16
0,18,15
5,14,14
5,18,19
8,29,16
2,18,13
6,14,16
2,23,12
4,21,15
3,19,14
5,29,14
6,23,16
2,25,16
0,2,16
6,28,21
0,4,24
10,24,29
9,31,24
11,18,24
3,25,19
0,4,16
0,30,13
4,23,15
4,31,15
9,28,19
0,14,8
4,24,15
5,24,16
5,30,8
8,25,12
3,24,13
3,22,16
8,30,11
10,35,12
0,28,11
5,40,10
0,23,8
0,14,4
3,21,8
0,23,2
0,0,6
9,14,7
0,4,3
0,0,3
0,33,4
0,34,4
3,15,5
0,5,2
0,16,6
0,4,7
0,15,2
0,15,4
0,0,3
8,15,3
2,19,10
0,0,9
0,0,5
5,15,10
5,22,10
3,14,9
11,28,11
0,25,8
0,23,7
7,22,6
0,0,8
0,13,8
0,0,6
0,0,7
0,0,6
0,0,8
0,0,8
9,12,9
0,0,7
0,0,7
0,0,8
5,10,6
0,3,4
0,19,4
8,16,8
4,30,6
9,30,8
0,28,8
0,14,8
5,35,6
0,0,6
4,30,5
0,0,6
0,0,7
0,0,6
0,0,6
0,15,5
9,25,7
0,0,8
0,0,6
3,32,5
0,0,5
0,0,5
0,0,3
3,28,5
0,0,5
0,19,3
0,0,1
0,0,4
0,0,4
0,0,2
0,0,0
8,31,5
0,5,6
0,29,10
0,0,10
0,0,14
5,27,13
0,23,12
0,0,12
2,24,14
0,30,14
0,24,12
0,20,12
0,12,8
0,17,16
0,13,14
0,21,15
0,15,15
0,22,15
0,18,16
0,18,13
0,21,13
2,19,18
0,10,20
1,16,18
0,18,18
0,20,14
0,14,13
0,20,16
0,23,18
0,20,19
0,13,16
0,15,13
0,24,17
0,23,16
0,21,17
0,24,17
0,24,15
0,24,16
0,24,16
0,21,13
0,18,15
0,22,17
0,27,12
0,27,15
3,16,17
3,22,16
2,24,15
0,4,13
0,15,14
0,20,18
0,18,17
4,18,14
0,21,12
2,18,13
5,22,15
3,14,12
0,7,16
0,18,11
0,18,16
0,18,17
2,27,16
2,18,15
0,18,13
2,23,15
2,19,10
2,19,6
0,8,14
0,6,15
2,18,16
0,25,11
0,27,13
0,6,13
0,0,13
0,0,11
4,34,15
4,38,15
8,29,16
0,7,12
0,0,12
0,0,9
0,0,4
0,0,7
0,0,7
0,0,10
0,0,9
0,0,9
0,0,10
0,0,9
0,0,9
0,0,5
0,0,11
0,0,8
0,0,9
0,0,11
0,0,10
0,0,9
4,30,11
5,41,9
0,0,9
3,51,10
0,43,11
0,0,9
0,22,9
3,50,8
0,50,10
3,38,11
0,51,11
0,8,11
0,0,9
0,43,12
0,30,12
0,49,10
2,47,11
5,29,9
0,40,8
0,0,7
5,51,11
5,42,9
0,0,10
8,40,11
8,36,13
8,29,12
0,0,8
0,0,12
0,0,6
0,0,12
0,0,11
0,0,9
0,0,3
0,0,7
0,0,4
0,0,6
0,0,2
0,0,4
0,0,4
0,0,2
0,0,0
0,0,2
0,0,0
0,0,0
0,0,2
0,0,0
0,0,1
0,0,2
0,0,4
0,0,6
0,0,10
0,0,7
0,4,3
0,0,5
0,0,12
0,0,8
0,0,9
0,5,12
7,17,11
0,0,11
0,0,11
0,0,11
0,0,10
0,0,5
0,0,11
0,0,12
0,0,11
0,0,6
0,0,11
0,0,7
0,0,9
13,43,12
10,16,8
10,15,11
0,0,10
0,0,9
7,25,11
0,0,8
0,0,10
0,0,8
3,19,8
0,0,11
0,0,10
9,26,9
4,42,9
0,8,10
0,8,12
0,37,12
0,0,12
9,10,12
0,0,12
7,39,10
0,0,8
8,20,7
3,33,11
0,32,11
0,32,9
4,31,12
0,36,10
3,34,12
0,27,12
0,18,11
0,19,10
7,19,12
0,13,14
0,16,11
0,13,13
4,25,14
3,25,10
0,14,9
0,21,13
4,30,14
0,21,11
0,17,9
0,0,11
0,21,8
0,25,10
4,23,11
0,12,13
6,21,13
8,24,14
0,3,13
7,35,14
3,20,17
0,0,12
6,12,10
0,19,12
3,20,13
0,20,10
5,23,15
7,28,12
6,23,12
8,20,16
8,14,14
9,13,14
0,4,12
11,22,14
0,0,11
0,28,14
0,0,11
3,20,12
2,10,13
3,20,11
4,24,10
3,11,13
0,0,8
0,17,9
0,21,8
0,19,9
0,27,9
0,20,13
0,24,8
3,28,12
0,19,8
0,17,8
0,19,13
0,20,11
0,17,9
0,26,8
0,17,9
0,20,6
0,24,10
0,33,9
0,24,8
0,24,8
0,21,9
0,14,9
0,28,10
0,24,10
0,17,6
0,32,7
0,29,9
0,16,8
0,20,9
0,10,11
0,21,9
0,15,12
0,24,10
0,19,9
0,19,11
0,28,5
0,28,4
0,19,10
0,27,8
0,28,8
0,23,8
0,32,8
0,21,6
0,26,5
0,0,9
0,0,6
0,20,9
0,27,9
0,29,7
0,25,7
0,0,5
0,0,8
0,10,7
0,0,7
0,0,7
0,36,8
0,0,6
0,29,9
0,0,8
0,21,7
0,25,9
0,0,8
0,20,6
0,28,8
0,0,8
0,0,9
0,0,6
0,0,4
0,28,10
0,0,7
0,0,6
0,0,7
0,23,7
0,35,5
0,14,5
0,18,7
0,23,10
0,20,10
0,19,10
0,0,8
0,22,14
0,21,11
0,17,13
0,23,9
0,34,12
0,0,8
0,0,5
0,0,1
0,50,10
0,0,6
0,0,4
0,0,0
0,7,2
0,0,2
0,0,1
0,9,3
0,16,2
0,0,2
0,0,8
0,0,8
0,57,4
9,60,61
8,60,108
8,59,111
8,62,134
9,64,123
8,69,88
9,76,77
0,0,4
0,0,6
0,0,8
0,0,2
0,0,5
10,56,44
12,77,135
12,86,119
12,75,123
11,79,134
11,66,136
10,69,138
10,71,138
10,68,138
10,72,137
9,69,133
10,73,126
11,77,115
11,70,121
9,69,120
9,69,130
11,68,132
11,71,130
11,68,140
10,68,138
11,69,139
9,69,142
11,68,145
10,69,142
10,65,143
8,65,145
9,68,148
10,67,147
9,75,147
10,70,146
10,67,144
10,67,147
9,68,144
9,63,136
8,65,131
10,70,130
10,69,128
10,70,126
9,73,126
9,71,128
11,69,125
9,66,145
11,68,142
10,66,142
9,63,142
9,57,141
9,53,136
9,56,138
8,57,139
10,55,139
9,50,139
8,50,140
7,48,138
9,53,139
9,54,143
10,54,145
9,52,148
8,49,164
9,46,164
10,50,164
9,48,163
9,50,163
7,50,161
9,50,164
9,48,165
8,46,166
9,48,165
9,50,166
9,50,165
7,45,162
9,52,157
9,54,152
8,50,152
8,52,151
9,55,146
7,52,146
9,49,148
9,52,144
9,55,145
7,56,141
8,56,146
9,61,148
9,60,148
9,60,148
9,59,146
9,56,143
7,56,145
9,57,143
9,58,145
10,66,147
9,62,149
9,68,143
10,64,145
8,67,147
9,68,147
9,71,141
8,68,146
8,65,149
9,61,148
9,69,146
9,67,142
10,65,142
11,63,145
8,58,143
9,60,144
10,59,139
11,63,142
8,61,144
9,60,144
9,58,142
9,57,144
9,54,140
10,55,148
8,50,155
9,50,155
7,49,153
9,50,145
9,57,147
8,58,146
10,59,147
9,60,145
9,61,147
8,59,148
9,66,147
9,63,142
10,66,145
9,64,146
9,70,145
9,68,147
10,66,145
10,63,147
10,67,147
10,67,141
10,69,142
10,67,142
10,69,138
11,63,142
11,65,142
9,60,145
8,61,144
9,58,145
9,63,147
9,60,146
10,66,147
10,67,145
11,70,146
10,70,145
11,70,144
10,62,145
7,63,145
11,69,147
9,65,145
11,70,147
9,64,145
9,61,143
11,66,141
11,64,145
10,64,139
11,63,144
9,54,142
9,59,142
11,59,141
10,61,142
8,58,143
9,63,143
9,54,142
9,57,142
11,61,141
10,57,141
10,58,141
11,58,140
10,56,143
9,57,142
9,56,141
11,59,143
11,59,142
10,54,141
10,53,139
9,54,140
11,62,138
9,57,140
11,56,140
11,52,141
9,56,140
9,53,143
9,60,143
11,57,145
11,58,147
11,57,149
9,49,158
9,54,151
9,50,145
9,51,144
10,56,144
9,55,145
9,53,148
10,56,146
8,52,150
9,55,149
10,52,149
9,52,148
9,54,146
9,53,148
9,49,152
9,52,154
9,53,152
9,53,152
9,54,149
9,57,140
10,56,140
11,55,143
8,52,144
8,52,142
9,53,147
10,53,141
10,52,143
8,51,144
8,49,145
10,54,145
9,48,145
10,52,144
9,50,143
9,52,144
9,48,141
9,52,143
9,48,141
10,50,140
9,49,142
9,45,138
9,49,141
9,51,142
10,48,144
9,48,140
9,51,149
9,49,151
9,48,142
9,48,141
9,46,142
9,45,141
8,47,139
9,48,139
9,52,143
9,54,141
9,54,151
9,58,150
10,52,157
9,51,165
9,51,174
8,52,168
9,54,167
10,55,162
9,55,149
9,52,159
9,52,165
9,53,159
9,54,160
9,57,157
9,56,139
9,52,128
9,57,128
7,53,133
9,55,146
8,52,151
10,51,146
7,50,148
9,53,149
9,52,159
8,50,163
9,55,156
9,50,153
9,51,149
10,55,147
10,54,158
8,50,162
9,54,160
9,53,162
9,55,162
9,56,164
10,53,162
9,54,160
9,54,164
9,53,171
8,50,173
9,52,171
9,53,166
8,48,171
8,49,168
9,51,167
9,56,167
7,52,171
10,54,170
9,53,171
9,55,169
8,52,169
9,52,166
8,50,165
8,48,167
10,54,164
9,54,162
10,51,160
9,52,154
8,49,158
7,47,170
8,48,166
9,51,161
8,49,156
9,51,158
9,51,163
9,51,164
9,53,162
9,52,166
9,54,168
9,53,167
9,51,160
9,52,161
7,48,161
9,54,160
9,57,161
10,57,159
10,61,160
9,55,160
9,56,157
10,56,157
10,57,157
10,56,160
10,55,159
10,54,158
10,54,156
9,53,150
10,57,165
10,53,186
9,63,170
11,53,169
0,0,20
0,0,28
0,0,105
0,0,103
0,0,104
13,23,111
13,59,150
14,67,161
12,63,169
14,66,166
14,66,168
12,63,174
12,62,178
12,62,182
12,63,182
12,64,174
14,66,168
14,67,160
12,64,151
14,74,136
14,49,98
13,11,83
0,0,88
0,0,93
0,0,32
2,73,18
14,80,125
14,72,153
14,72,142
12,49,120
10,9,115
10,9,112
9,9,113
12,13,102
0,0,48
0,0,36
0,9,24
0,0,23
0,0,61
14,9,82
0,0,113
0,0,113
0,0,114
0,0,106
0,0,109
0,0,110
0,0,109
0,0,107
0,0,111
0,0,113
0,0,92
0,0,35
0,0,76
0,0,74
0,0,108
0,0,111
0,0,111
0,0,108
0,0,109
0,0,109
0,0,112
0,0,115
0,0,117
12,13,117
0,0,115
0,0,113
14,9,113
0,0,114
0,0,116
0,0,114
0,0,113
0,0,111
0,0,112
0,0,113
0,0,105
0,0,114
0,0,112
0,0,113
0,0,33
0,0,34
0,0,29
0,0,19
0,6,17
0,0,13
0,0,18
0,0,49
0,0,81
0,0,99
0,0,104
0,0,115
0,0,115
0,0,86
0,0,75
0,0,47
0,0,22
0,0,20
0,0,20
0,0,26
0,0,39
0,0,41
0,0,65
0,0,67
0,0,56
0,0,46
14,9,72
14,37,123
12,27,119
13,9,59
0,8,16
0,0,66
0,0,85
0,0,75
0,0,112
0,0,112
0,0,110
0,0,109
0,0,107
0,0,108
0,0,108
0,0,111
0,0,108
0,0,105
0,0,107
0,0,110
0,0,111
0,0,108
0,0,111
0,0,110
0,0,110
0,0,111
0,0,110
0,0,112
0,0,111
0,0,111
0,0,110
0,0,110
0,0,112
0,0,112
0,0,111
0,0,112
0,0,111
0,0,112
0,0,113
0,0,112
0,0,111
0,0,111
0,0,112
0,0,113
0,0,113
0,0,110
0,0,111
0,0,110
0,0,111
0,0,112
0,0,113
0,0,113
0,0,113
0,0,112
0,0,112
0,0,112
0,0,112
0,0,111
0,0,112
0,0,111
0,0,114
0,0,115
0,0,116
0,0,116
0,0,115
0,0,118
0,0,118
0,0,119
0,0,120
0,0,119
0,0,118
0,0,118
0,0,118
0,0,120
0,0,120
0,0,120
0,0,119
0,0,117
0,0,118
0,0,120
0,0,124
47,6,112
0,0,104
14,6,98
0,0,94
10,7,65
0,0,27
8,15,18
3,28,10
0,0,5
0,0,8
0,0,8
0,0,5
0,0,4
6,31,13
0,0,14
0,0,14
8,19,16
3,19,16
6,16,21
14,10,65
16,16,64
15,20,60
1,16,28
0,16,11
4,44,10
0,0,10
0,0,8
0,0,2
32,26,10
0,0,6
0,0,13
0,0,18
0,0,4
35,11,11
35,11,4
0,0,7
0,0,10
0,0,7
14,28,11
4,18,14
0,17,29
45,10,123
45,15,125
45,15,125
41,16,123
44,16,121
42,16,120
42,10,118
5,32,13
0,0,14
0,0,6
30,15,15
24,16,22
0,0,27
0,0,31
19,31,98
19,15,5
0,0,11
0,0,4
0,0,2
17,22,2
0,0,2
20,11,4
0,0,7
32,59,13
0,0,30
0,0,37
35,59,41
35,32,38
33,36,33
33,34,35
0,0,36
35,38,35
33,50,40
28,42,38
10,13,37
19,15,38
17,50,34
13,50,33
12,26,18
12,42,14
14,40,24
11,15,26
5,13,33
3,19,32
20,36,37
21,61,42
23,42,41
28,60,44
32,39,42
35,40,43
33,30,44
33,27,42
0,0,41
35,34,38
0,0,38
15,44,32
16,20,30
18,43,34
18,32,40
21,55,39
10,28,39
14,34,34
11,20,25
12,31,23
0,0,16
12,31,14
0,0,7
9,37,5
13,44,16
7,45,16
11,29,10
12,27,9
11,31,15
10,34,29
32,36,39
35,26,39
35,31,36
35,35,37
35,35,36
32,47,30
21,18,36
18,27,32
18,30,34
21,44,36
30,31,37
33,31,39
35,27,38
35,31,35
35,29,38
35,27,30
35,40,35
35,32,38
35,26,39
35,35,37
35,45,36
35,31,40
35,25,35
35,24,37
26,39,35
25,39,35
35,22,36
35,28,36
35,41,34
35,26,36
33,45,38
35,33,41
35,22,44
35,26,46
35,33,48
35,22,55
35,22,59
35,33,63
35,15,60
35,18,66
35,26,70
35,45,69
33,36,68
28,22,72
35,30,73
34,33,78
35,29,79
35,28,82
33,33,81
33,30,80
31,21,85
30,26,88
19,36,75
13,41,49
19,28,54
12,35,48
5,24,23
9,41,18
9,32,22
9,33,20
10,32,16
8,42,14
9,44,12
0,0,14
9,34,14
6,50,12
0,0,9
0,0,12
0,0,5
2,48,11
9,49,8
0,0,8
0,0,9
0,0,10
6,50,9
6,35,11
0,0,13
5,51,11
7,47,7
0,0,10
0,22,12
4,18,10
11,18,34
6,18,37
12,20,27
25,18,68
35,11,106
35,11,104
39,12,108
43,11,108
41,18,111
39,18,110
39,11,109
39,11,110
35,11,110
35,18,111
35,11,110
35,17,111
39,17,110
35,18,108
35,11,105
35,11,105
35,18,104
35,16,106
35,18,105
35,18,105
35,18,104
35,17,102
35,12,98
35,8,91
35,14,80
35,14,68
0,0,64
35,8,68
35,9,73
0,0,78
0,0,89
0,0,96
0,0,100
0,0,105
0,0,103
0,0,104
0,0,105
0,0,105
0,0,105
0,0,103
0,0,106
0,0,111
0,0,118
0,0,129
0,0,136
0,0,138
0,0,134
0,0,134
0,0,130
0,0,125
0,0,128
0,0,126
0,0,125
0,0,123
0,0,123
0,0,127
0,0,128
0,0,131
0,0,133
0,0,136
0,0,137
30,7,140
0,0,143
0,0,145
0,0,143
0,0,144
0,0,142
0,0,144
0,0,149
0,0,149
0,0,149
0,0,150
0,0,148
0,0,147
0,0,149
0,0,151
0,0,149
0,0,152
0,0,150
0,0,151
0,0,151
0,0,150
0,0,150
0,0,150
0,0,151
0,0,152
0,0,150
0,0,151
0,0,152
0,0,150
0,0,149
0,0,150
0,0,149
0,0,150
0,0,148
0,0,150
0,0,150
0,0,150
0,0,151
0,0,149
0,0,149
0,0,150
0,0,149
0,0,150
0,0,148
0,0,148
0,0,149
0,0,150
0,0,149
0,0,150
0,0,151
0,0,149
0,0,149
0,0,149
0,0,149
0,0,151
0,0,150
0,0,149
0,0,151
0,0,150
0,0,150
0,0,150
0,0,151
0,0,150
0,0,151
0,0,150
0,0,149
0,0,149
0,0,150
0,0,150
0,0,150
0,0,148
0,0,150
0,0,149
0,0,150
0,0,150
0,0,149
0,0,149
0,0,149
0,0,149
0,0,149
0,0,148
0,0,148
0,0,148
0,0,150
0,0,150
0,0,149
0,0,150
0,0,151
0,0,149
0,0,150
0,0,150
0,0,149
0,0,149
0,0,148
0,0,149
0,0,147
0,0,148
0,0,150
0,0,149
0,0,150
0,0,150
0,0,149
0,0,150
0,0,150
0,0,151
0,0,148
0,0,148
0,0,151
0,0,149
0,0,149
0,0,150
0,0,151
0,0,149
0,0,151
0,0,150
0,0,149
0,0,151
0,0,149
0,0,148
0,0,151
0,0,151
0,0,149
0,0,150
0,0,150
0,0,150
0,0,150
0,0,151
0,0,149
0,0,149
0,0,151
0,0,151
0,0,151
0,0,150
0,0,150
0,0,149
0,0,150
0,0,148
0,0,151
0,0,147
0,0,150
0,0,150
0,0,151
0,0,151
0,0,151
0,0,150
0,0,149
0,0,151
0,0,150
0,0,150
0,0,148
0,0,151
0,0,151
0,0,151
0,0,149
0,0,150
0,0,151
0,0,150
0,0,150
0,0,150
0,0,150
0,0,149
0,0,149
0,0,150
0,0,150
0,0,147
0,0,147
0,0,148
0,0,148
0,0,149
0,0,149
0,0,149
0,0,150
0,0,150
0,0,150
0,0,150
0,0,148
0,0,147
0,0,147
0,0,147
0,0,145
0,0,144
0,0,142
0,0,140
0,0,142
0,0,145
0,0,142
0,0,144
0,0,142
0,0,137
0,0,144
0,0,143
0,0,143
0,0,144
0,0,144
0,0,143
0,0,143
0,0,142
0,0,142
0,0,143
0,0,139
0,0,142
0,0,141
0,0,142
0,0,144
0,0,143
0,0,144
0,0,142
0,0,144
0,0,143
0,0,142
0,0,141
0,0,143
0,0,140
0,0,144
0,0,141
0,0,144
0,0,145
0,0,142
0,0,138
12,43,52
0,0,48
0,0,64
0,0,65
8,14,73
0,1,61
0,1,80
5,7,68
0,0,77
11,34,73
10,39,94
3,21,87
8,17,92
9,15,96
8,11,94
9,17,94
8,10,90
9,7,93
0,0,95
0,0,94
0,0,96
21,7,98
21,7,102
0,0,110
0,0,126
0,0,127
0,0,114
0,2,101
10,7,94
16,12,94
14,15,94
0,0,100
0,0,110
9,52,113
11,67,123
10,73,104
2,50,80
3,38,82
3,32,86
3,44,103
2,43,90
2,43,77
3,30,69
1,30,65
0,33,74
6,69,123
9,72,117
11,66,122
12,87,115
11,78,129
13,90,119
13,92,141
14,84,135
13,86,131
14,79,134
14,74,147
12,70,151
14,77,150
12,64,148
12,58,160
11,55,170
10,56,174
12,56,168
12,58,170
11,55,170
11,53,171
10,53,170
11,53,172
11,52,171
10,50,173
11,50,175
12,50,176
9,48,175
10,49,173
11,53,172
10,50,173
10,52,169
9,48,164
11,52,166
11,49,169
11,53,168
12,57,168
10,53,167
11,53,169
11,54,167
12,56,164
11,56,165
11,55,175
11,53,182
11,55,185
11,55,186
9,49,189
10,49,188
11,52,185
11,52,180
10,50,172
11,53,163
12,55,160
11,54,152
11,51,150
11,55,151
12,56,154
12,54,157
12,57,157
11,56,145
11,55,142
12,55,141
12,57,145
11,57,149
12,54,155
10,53,155
12,56,155
11,55,156
12,54,156
11,55,160
11,53,162
12,55,161
11,55,156
12,58,158
10,52,165
11,55,165
11,53,161
11,53,157
11,53,155
11,60,146
11,65,147
11,69,149
13,62,147
12,65,143
12,68,144
11,56,152
11,54,149
11,55,140
12,53,105
12,60,97
12,72,89
12,81,84
11,86,89
12,84,87
9,82,86
12,79,88
10,77,88
10,86,88
13,73,103
14,70,130
14,69,135
14,66,133
14,68,119
14,81,104
14,67,129
14,65,130
13,68,119
13,69,119
11,76,100
13,76,103
14,75,102
11,76,99
12,73,100
13,78,102
12,85,101
14,72,115
14,68,128
14,65,124
12,67,114
13,73,109
12,79,110
14,71,113
13,65,112
13,70,117
12,70,110
12,69,116
12,72,111
14,74,114
12,66,115
12,64,114
12,63,114
12,65,117
11,63,105
12,69,109
12,66,112
12,63,112
12,68,118
13,68,119
12,64,140
13,69,138
12,61,123
12,58,120
11,59,117
13,66,130
13,66,133
13,63,132
12,69,133
11,63,131
12,62,129
13,70,129
13,73,129
12,71,127
12,70,128
11,72,134
12,67,135
13,66,141
13,69,138
12,65,150
12,60,147
13,55,145
12,57,151
11,57,176
10,55,192
12,59,194
15,61,170
14,55,118
0,0,4
0,0,17
0,0,15
14,11,136
15,63,153
14,59,171
15,67,179
13,64,182
13,63,189
13,61,194
13,63,195
14,63,194
14,63,196
14,67,196
14,62,195
13,63,194
13,63,195
14,67,187
14,67,183
14,65,177
16,66,159
16,7,138
0,0,135
0,0,141
0,0,14
12,10,30
14,61,147
14,56,144
15,66,142
14,63,132
16,72,118
15,75,90
15,86,86
14,78,79
14,71,79
14,66,71
14,59,73
12,32,47
0,0,3
0,0,3
0,0,3
0,21,2
0,0,0
0,0,0
0,0,2
0,0,1
0,0,1
0,13,2
0,0,4
0,0,4
14,57,77
13,62,92
14,61,122
14,58,129
14,56,139
13,57,146
14,60,150
14,58,154
15,52,156
14,56,158
15,63,157
14,68,157
14,67,163
12,61,174
11,55,169
12,55,160
12,56,155
14,53,149
14,58,137
14,57,135
14,60,129
14,58,124
14,60,130
15,62,135
14,56,140
14,63,142
15,60,142
15,58,140
14,58,133
14,62,127
14,60,120
15,67,117
15,70,114
15,65,116
15,63,114
14,55,110
15,69,99
15,61,97
14,70,99
14,62,101
14,64,114
12,62,117
14,66,116
14,61,120
14,63,118
12,61,116
14,58,103
12,55,149
13,57,145
14,55,141
13,55,142
14,56,139
14,55,140
13,56,146
13,55,155
14,55,158
11,53,163
11,50,165
12,54,165
13,55,164
12,52,159
12,52,156
13,55,154
14,55,147
14,61,141
14,59,143
13,58,149
12,49,153
12,57,148
12,49,146
12,59,143
11,61,145
12,61,140
13,58,141
12,62,139
12,62,132
14,62,129
12,63,138
13,60,134
12,60,134
12,60,134
11,61,135
10,56,138
12,58,135
11,59,116
12,70,80
12,70,78
13,77,111
14,75,100
13,78,79
10,47,81
13,72,81
14,77,111
12,67,127
12,67,128
12,65,135
12,65,135
12,65,139
12,58,141
12,58,143
12,59,141
11,56,141
12,59,141
12,59,143
12,57,142
12,57,142
12,55,141
12,58,140
11,58,142
12,58,140
11,59,141
11,58,142
12,59,137
11,54,139
11,55,141
11,58,139
10,58,150
10,56,148
10,55,139
11,58,141
12,63,127
12,33,38
0,20,1
12,22,15
9,59,30
0,0,0
0,0,0
0,0,0
0,11,3
0,0,16
3,53,8
0,0,1
0,0,4
7,46,2
12,28,2
10,37,13
11,35,4
12,22,2
0,0,0
0,0,2
0,16,1
4,40,3
10,22,12
12,11,24
11,14,1
0,0,2
0,0,0
13,59,37
12,60,94
11,59,132
11,61,123
12,63,118
12,64,120
12,64,118
12,68,107
12,63,72
0,14,3
0,0,3
0,0,2
0,40,5
0,26,1
0,0,2
3,50,8
0,0,3
0,57,4
0,0,1
0,0,2
0,19,1
0,0,2
0,0,1
0,0,0
0,0,3
12,26,50
12,62,75
13,59,79
12,71,76
12,59,66
11,64,61
12,67,74
11,66,96
12,64,121
12,60,139
11,57,145
12,56,143
12,58,140
12,61,133
14,63,118
12,63,101
14,62,102
14,58,111
15,67,63
14,56,58
12,45,48
14,25,42
11,47,52
14,68,64
15,67,66
11,62,68
14,56,82
14,58,67
12,28,55
13,43,55
14,62,64
14,48,65
12,56,74
12,58,84
11,61,110
12,69,111
12,69,103
12,69,96
11,66,96
12,63,100
12,67,118
11,64,130
12,63,138
12,56,140
12,55,139
11,54,142
11,65,141
12,69,136
12,70,131
12,71,126
12,76,123
15,86,109
14,84,93
13,80,92
13,56,87
9,44,55
6,14,15
0,17,3
0,13,3
0,0,0
0,0,6
0,32,4
0,0,3
0,12,1
0,0,1
0,0,1
0,0,0
0,14,1
0,0,2
0,0,3
0,0,1
0,0,1
0,0,4
6,19,37
14,8,99
12,8,99
14,12,100
0,0,48
0,0,41
0,0,51
0,0,51
0,0,44
0,0,41
0,0,42
0,0,43
0,0,40
0,0,44
0,0,40
0,0,30
0,0,25
0,0,45
0,0,47
0,0,34
0,0,25
13,11,20
0,0,11
4,8,10
4,11,6
0,0,10
0,0,11
0,0,14
0,0,14
0,0,11
0,0,19
0,0,29
0,0,37
0,0,45
17,7,45
0,0,41
0,0,43
0,0,43
0,0,81
0,0,111
0,0,115
0,0,112
0,0,99
0,0,55
0,0,77
0,0,127
0,0,128
0,0,126
0,0,128
0,0,129
0,0,125
0,0,119
0,0,116
0,0,117
0,0,118
0,0,118
0,0,117
0,0,120
0,0,120
0,0,122
0,0,123
0,0,124
0,0,124
0,0,127
0,0,128
0,0,130
0,0,130
0,0,131
0,0,127
0,0,128
0,0,128
0,0,128
0,0,124
0,0,123
0,0,121
0,0,118
9,52,109
9,52,148
7,37,114
1,32,67
6,17,72
3,24,102
0,2,84
9,9,96
0,0,106
5,9,106
7,19,118
10,71,160
9,58,182
10,56,154
11,66,152
12,69,150
10,58,150
8,53,171
9,55,166
10,53,151
10,60,140
11,71,107
11,83,103
10,64,103
11,58,150
9,59,95
10,68,123
11,68,96
9,72,103
10,72,96
9,73,78
10,56,77
10,24,81
6,11,88
0,0,88
0,0,101
0,0,127
0,0,131
0,0,130
0,0,130
0,0,130
0,0,129
0,0,130
0,0,122
0,0,113
0,0,103
0,0,112
0,0,108
9,11,112
9,23,125
9,52,130
9,65,122
11,75,106
11,64,115
13,70,121
12,73,124
12,72,121
12,71,123
9,62,130
9,59,144
10,56,147
9,58,145
11,68,137
11,65,137
12,66,134
11,70,126
11,61,84
11,71,48
10,63,34
10,64,68
11,71,101
10,71,102
12,67,67
12,64,61
12,72,66
11,67,70
12,69,121
12,68,128
11,66,129
9,62,129
11,63,126
11,67,127
11,66,129
9,53,147
9,50,146
9,54,145
8,55,145
9,57,142
10,70,136
9,63,127
9,54,125
7,55,137
10,60,133
10,59,126
7,55,122
9,60,119
10,56,149
8,56,144
10,60,136
10,57,133
10,59,123
9,55,118
10,55,118
10,57,122
10,56,140
10,54,155
11,52,150
11,51,153
10,52,150
9,50,147
11,53,133
9,51,113
11,60,85
9,59,73
11,64,116
9,54,142
10,54,148
8,53,149
9,59,151
10,64,152
9,54,151
9,56,145
9,53,128
9,55,121
8,58,115
8,57,111
8,58,73
0,0,5
0,0,8
0,0,6
0,0,2
0,11,5
0,7,6
0,0,3
0,0,9
0,0,5
0,0,3
0,0,0
11,40,11
14,54,69
12,88,77
12,78,75
12,88,94
12,73,119
11,69,127
11,64,131
12,68,133
10,61,132
11,66,126
11,68,121
11,61,103
12,64,68
11,50,63
12,48,31
13,46,31
10,65,66
11,65,87
13,66,122
12,62,119
11,61,118
11,48,131
9,48,144
10,50,153
10,51,154
11,50,150
10,51,155
10,50,158
10,52,161
10,52,162
9,49,160
11,53,159
11,52,159
11,50,156
11,49,144
11,47,143
11,52,147
9,47,153
9,46,155
11,50,154
10,52,144
10,61,124
12,70,121
11,62,122
10,63,120
12,58,120
10,59,130
11,52,140
11,51,146
11,53,150
9,53,156
11,54,159
9,52,158
10,51,156
10,50,155
9,53,152
9,50,150
9,54,143
10,54,133
11,62,132
11,61,128
11,59,130
9,60,135
9,58,131
11,64,126
11,59,127
10,54,143
9,49,147
11,54,151
10,49,153
11,51,152
11,51,156
9,49,157
9,49,157
10,52,157
9,52,162
9,49,175
9,50,182
9,51,187
9,52,177
9,50,160
10,51,151
9,48,159
9,50,163
10,54,165
9,55,167
9,55,164
10,54,163
9,51,160
9,53,160
9,53,157
9,51,156
9,52,150
10,53,148
10,54,146
9,52,154
8,51,159
9,55,159
9,48,159
10,55,161
10,51,160
9,50,156
10,54,153
10,51,151
9,50,163
11,53,165
9,50,164
11,51,160
10,51,156
10,50,154
11,47,154
12,54,152
11,51,159
11,55,153
11,60,155
9,55,156
10,55,159
11,55,158
11,57,157
11,54,157
11,57,158
11,53,156
9,48,160
11,49,160
11,54,161
11,55,165
9,49,168
9,51,166
11,53,165
9,53,161
9,50,158
9,50,150
9,51,142
10,56,141
11,55,144
10,54,147
9,53,160
10,50,174
9,53,183
9,52,191
7,50,196
10,55,198
9,54,200
10,57,201
9,53,200
9,54,198
10,57,198
9,55,198
9,55,197
10,55,196
8,49,195
9,55,192
9,53,189
10,59,190
10,53,188
9,55,188
8,52,187
9,51,181
8,53,182
9,56,181
10,51,180
8,50,178
9,51,178
10,53,176
8,51,178
9,53,181
9,52,180
9,53,177
10,51,173
9,53,189
9,50,190
10,52,192
9,52,190
9,50,187
9,52,189
9,53,188
9,50,187
9,50,188
10,53,188
9,50,187
9,51,187
9,52,186
10,50,180
10,54,174
10,55,176
10,54,175
10,53,176
10,52,174
9,52,175
9,57,175
10,58,168
10,55,165
10,55,165
10,54,163
9,51,164
9,52,166
9,55,159
8,52,162
9,53,161
9,50,158
9,52,157
10,50,170
9,50,175
9,52,182
9,52,188
10,53,189
9,50,189
9,53,188
9,53,186
9,52,185
9,51,190
10,55,193
10,54,193
9,53,194
7,50,193
9,52,193
8,53,190
9,52,189
9,53,184
9,51,185
10,53,179
9,52,180
9,50,178
9,49,175
10,49,175
9,49,178
9,52,179
9,50,179
9,52,180
9,47,177
10,53,179
10,53,181
9,52,180
9,53,179
9,50,181
9,49,181
9,48,183
9,51,182
9,52,187
9,49,187
9,50,178
9,49,168
9,50,164
11,50,166
9,47,167
8,48,171
8,48,172
9,47,171
9,50,170
10,45,169
9,50,170
9,49,171
9,49,173
9,47,176
9,49,176
9,49,176
10,48,178
10,52,177
9,48,175
9,48,167
10,44,162
9,49,159
10,50,157
9,45,160
9,48,161
9,49,162
9,50,171
9,52,177
9,53,191
9,54,193
9,54,195
9,53,194
9,52,193
9,53,193
9,53,191
8,51,182
9,53,180
9,54,177
10,50,175
10,47,175
10,52,161
9,52,153
10,51,139
8,61,142
12,73,136
12,71,138
11,63,142
11,58,146
10,61,142
10,57,141
11,66,138
11,66,135
9,68,128
9,68,126
7,61,124
9,61,125
10,62,125
10,61,126
10,63,129
9,70,126
11,73,126
10,71,124
9,79,128
11,68,101
9,53,127
9,68,136
10,73,137
12,71,122
12,75,110
12,74,115
11,66,137
9,60,145
9,57,147
11,64,148
11,57,145
9,54,148
10,56,149
10,56,149
9,52,153
9,53,154
11,53,155
11,52,157
10,51,159
9,54,195
9,52,198
11,57,195
10,54,194
10,53,196
11,56,195
9,54,198
11,56,195
10,56,196
10,56,192
10,55,183
11,57,179
11,53,174
11,56,169
10,54,164
11,57,163
9,55,160
10,59,156
11,57,157
12,59,155
10,59,152
11,67,151
10,65,149
11,62,148
11,61,148
11,64,148
11,68,140
12,70,137
12,76,131
12,78,127
14,76,115
13,43,88
0,0,6
0,17,11
0,37,22
0,40,20
0,54,12
0,54,11
0,54,11
0,55,8
0,59,5
0,24,8
0,50,4
0,46,2
0,49,4
0,40,6
8,38,38
10,59,71
10,55,77
10,57,71
9,52,68
11,56,62
11,57,73
10,57,69
11,60,69
10,59,64
11,59,64
11,57,66
12,58,77
11,60,90
11,57,100
11,58,121
12,60,128
10,56,126
11,60,137
11,55,137
11,59,132
12,55,95
11,56,90
12,58,90
12,57,113
11,53,138
10,51,151
10,54,154
12,54,153
10,55,157
11,53,156
12,55,156
12,53,157
11,55,158
11,54,162
12,56,163
10,53,161
12,57,162
11,55,162
11,53,158
10,52,156
12,49,162
12,55,165
10,53,167
12,52,167
11,54,169
11,52,170
10,53,170
11,55,172
10,52,174
11,52,175
10,52,174
11,54,173
10,54,173
10,52,173
11,51,177
11,54,179
10,47,179
10,53,180
10,50,173
11,52,165
9,53,168
9,55,179
10,52,177
10,54,182
11,52,181
11,52,180
10,50,180
11,54,181
10,50,182
10,51,179
10,50,177
10,53,177
10,50,180
9,53,181
10,50,179
10,51,179
10,51,179
10,51,176
10,52,174
10,51,175
9,50,176
10,52,175
10,50,173
10,52,180
10,52,178
11,53,173
12,57,170
12,53,168
14,55,164
12,44,164
12,53,164
11,51,163
9,51,162
9,49,159
11,46,158
11,49,158
12,46,156
12,41,158
11,48,159
12,46,160
11,48,158
12,52,158
12,49,158
12,51,158
11,51,158
11,50,158
12,53,160
12,47,159
11,45,158
12,49,161
11,51,158
11,48,163
11,45,164
12,51,162
11,48,163
9,47,161
11,48,163
11,45,162
11,48,162
10,44,162
12,42,162
11,47,162
11,44,163
12,50,165
11,47,163
12,44,164
12,51,164
11,50,164
11,49,147
14,58,128
12,55,123
12,56,146
12,49,169
11,49,176
11,52,175
11,47,171
9,46,166
11,50,165
10,48,167
11,52,166
11,51,166
9,45,170
12,53,169
11,52,169
11,52,165
9,48,163
10,49,162
12,48,169
12,50,168
12,48,169
12,55,172
14,55,173
13,49,171
12,46,171
11,52,171
12,50,171
12,46,172
11,46,170
13,47,170
11,50,164
12,54,159
13,55,153
14,62,150
12,63,146
14,63,142
11,55,136
12,61,142
12,56,149
12,56,153
13,55,153
12,53,155
13,53,156
11,54,160
14,59,161
12,55,160
12,56,162
14,53,162
13,50,163
12,50,160
12,53,158
12,53,158
12,53,158
12,55,149
12,54,150
12,53,155
12,55,161
13,52,162
11,53,169
12,48,169
12,51,168
12,54,167
14,54,166
12,53,171
11,56,175
12,56,176
13,53,175
12,53,177
11,53,177
11,53,171
12,52,167
12,53,164
12,52,155
12,52,146
11,50,143
13,52,140
12,53,126
11,46,124
8,15,90
0,0,91
13,36,94
9,19,90
12,15,90
0,0,93
0,0,83
12,13,80
0,0,86
14,15,90
0,0,81
0,0,82
0,0,71
0,0,70
0,0,70
0,0,49
0,0,29
0,0,34
0,0,30
0,0,25
0,0,28
0,0,10
0,0,35
0,0,33
0,0,33
0,0,34
0,0,19
0,0,34
0,0,27
0,0,26
0,0,32
3,8,28
0,0,27
0,0,24
0,0,31
0,0,29
0,0,18
0,0,21
0,0,26
0,0,34
0,0,39
0,0,33
0,0,31
0,0,37
0,0,36
0,0,37
0,0,33
5,7,34
0,0,27
0,0,49
4,12,36
0,0,33
0,4,39
4,9,27
1,14,41
5,14,27
4,34,34
9,51,55
11,51,82
13,56,94
14,56,134
14,56,150
12,56,155
13,55,137
12,55,97
13,55,96
13,52,167
14,58,167
14,57,169
13,51,169
14,54,171
12,50,172
11,51,171
12,53,170
12,50,169
11,48,170
13,50,170
11,47,173
12,50,173
11,50,173
12,51,175
11,53,173
11,53,173
11,54,174
12,49,173
12,50,173
11,53,173
12,53,171
12,54,173
12,56,170
11,53,173
12,50,170
11,53,170
11,49,169
11,51,167
11,53,165
12,54,167
11,57,161
11,52,159
11,50,157
11,53,154
11,54,153
13,65,150
13,67,148
14,67,149
14,65,144
14,64,135
14,69,126
11,68,124
13,72,121
13,77,115
14,79,104
13,77,106
14,80,102
11,73,104
14,79,99
14,44,63
12,48,69
14,80,73
14,87,82
12,81,83
12,77,83
14,83,86
14,81,93
12,77,95
12,78,91
12,83,84
12,73,84
12,80,91
12,74,100
14,78,110
13,68,119
12,72,121
13,68,128
13,59,133
11,60,141
13,59,148
11,54,158
11,58,182
11,65,169
12,69,146
0,0,116
0,0,113
0,0,111
0,0,107
0,0,104
0,0,103
0,0,102
0,0,101
0,0,100
0,0,99
0,0,97
0,0,92
0,0,86
0,0,82
0,0,84
0,0,82
0,0,82
0,0,83
0,0,86
0,0,85
0,0,93
35,9,90
0,0,90
0,0,91
0,0,90
0,0,92
0,0,91
0,0,91
0,0,94
0,0,93
0,0,89
0,0,92
0,0,93
0,0,93
0,0,85
0,0,91
0,0,91
0,0,92
0,0,92
0,0,92
0,0,94
0,0,93
0,0,93
0,0,92
0,0,94
0,0,92
0,0,93
0,0,92
0,0,91
0,0,92
0,0,92
0,0,92
32,10,91
0,0,91
35,10,89
0,0,92
0,0,93
0,0,91
0,0,86
0,0,86
25,8,90
0,0,91
33,10,91
32,10,90
0,0,85
0,0,80
0,0,84
0,0,82
0,0,91
0,0,92
32,7,92
0,0,83
0,0,81
25,10,86
0,0,84
0,0,84
25,10,81
0,0,85
0,0,87
30,11,84
32,15,72
32,12,69
0,0,73
0,0,81
0,0,76
0,0,79
0,0,79
0,0,79
26,15,76
32,10,81
0,0,83
26,10,84
35,10,84
32,9,83
0,0,82
32,10,85
35,10,86
35,10,86
32,8,87
35,13,84
0,0,78
0,0,83
0,0,82
0,0,84
0,0,87
35,9,93
0,0,95
35,9,96
0,0,90
0,0,91
30,9,87
0,0,88
0,0,85
0,0,84
35,10,83
32,11,78
30,11,84
28,24,83
35,12,78
32,13,67
26,14,63
33,16,59
32,29,58
32,16,59
30,27,57
35,20,61
35,13,62
0,0,63
32,16,60
32,20,61
29,21,62
30,16,58
32,20,60
32,12,60
32,19,64
32,34,60
0,0,62
32,12,63
0,0,63
0,0,61
25,18,66
25,14,62
0,0,67
25,13,66
0,0,69
0,0,70
32,18,73
32,12,70
30,23,73
35,15,73
32,15,72
32,8,69
32,8,71
0,0,69
32,19,68
0,0,67
32,13,67
0,0,66
35,14,64
0,0,62
35,13,60
0,0,58
32,20,56
0,0,54
30,16,55
30,21,57
0,0,57
0,0,55
32,29,59
32,20,57
0,0,57
32,14,59
30,16,55
0,0,66
0,0,69
35,16,73
32,12,73
33,14,71
0,0,61
0,0,54
33,16,53
32,14,53
32,17,58
30,16,57
30,13,60
0,0,58
23,14,64
30,23,64
0,0,59
35,20,57
35,18,55
0,0,58
0,0,57
0,0,59
32,20,59
32,15,59
35,30,58
35,13,57
32,22,59
32,19,64
30,26,67
0,0,66
35,13,66
32,12,64
0,0,65
0,0,63
35,13,68
29,27,66
0,0,68
30,13,66
25,8,70
0,0,72
30,15,73
32,15,74
0,0,72
30,20,72
0,0,72
30,11,73
28,20,76
0,0,73
30,13,77
30,10,75
32,16,77
0,0,78
0,0,75
32,11,76
32,18,75
30,12,77
32,11,76
0,0,72
35,12,62
35,17,54
0,0,58
33,17,66
0,0,67
25,18,68
30,15,65
32,14,65
0,0,62
35,14,60
32,13,60
35,14,60
0,0,57
35,14,56
0,0,55
0,0,57
32,18,53
30,23,56
35,14,55
0,0,53
29,13,57
32,16,57
29,14,56
0,0,56
32,14,56
35,16,56
32,18,57
30,16,56
32,14,56
0,0,58
32,20,57
30,18,55
32,13,53
32,21,56
0,0,55
0,0,54
35,21,54
33,21,54
0,0,51
32,24,55
32,31,54
0,0,55
35,14,55
32,13,56
32,19,53
35,14,55
30,26,53
0,0,54
32,16,56
0,0,57
0,0,63
0,0,63
32,18,62
35,12,66
32,21,65
35,18,66
0,0,63
35,20,58
0,0,58
35,22,58
29,15,55
29,23,59
35,13,63
32,15,62
23,13,66
30,13,68
0,0,69
32,27,67
32,29,67
33,23,64
32,11,64
0,0,65
0,0,64
25,13,60
32,23,60
0,0,60
0,0,56
35,14,54
35,16,56
0,0,54
0,0,55
0,0,58
0,0,58
0,0,57
33,14,54
30,30,54
32,19,52
0,0,50
30,24,48
0,0,50
35,14,54
0,0,56
32,13,57
32,36,57
32,24,50
28,17,50
32,12,49
35,20,48
35,20,48
0,0,47
0,0,48
35,26,46
35,19,43
32,20,38
32,26,45
0,0,45
35,16,45
35,40,43
33,17,44
35,19,45
0,0,42
30,19,42
0,0,44
35,29,45
0,0,44
30,13,44
0,0,44
0,0,40
35,17,45
0,0,45
0,0,43
0,0,44
35,18,46
35,20,42
35,20,44
0,0,45
0,0,43
0,0,43
0,0,44
0,0,45
0,0,40
30,21,46
0,0,52
0,0,61
35,9,90
0,0,115
0,0,126
0,0,127
0,0,130
0,0,129
0,0,129
0,0,134
0,0,135
0,0,135
0,0,136
0,0,136
0,0,136
0,0,137
0,0,137
0,0,136
0,0,131
0,0,130
0,0,123
0,0,107
0,0,103
0,0,104
35,9,103
0,0,102
0,0,100
35,13,103
35,10,102
0,0,106
0,0,111
0,0,115
0,0,120
0,0,126
0,0,126
0,0,128
0,0,128
0,0,129
0,0,128
0,0,128
0,0,128
0,0,129
0,0,128
0,0,127
0,0,129
0,0,129
0,0,130
0,0,131
0,0,133
0,0,132
0,0,131
0,0,128
0,0,128
0,0,127
0,0,127
0,0,125
0,0,124
0,0,122
0,0,121
0,0,119
0,0,119
0,0,124
0,0,124
0,0,123
0,0,125
0,0,125
0,0,128
0,0,126
0,0,127
0,0,128
0,0,129
0,0,129
0,0,132
0,0,131
0,0,132
0,0,132
0,0,131
0,0,133
0,0,133
0,0,129
0,0,128
0,0,126
0,0,128
0,0,130
0,0,131
0,0,129
0,0,133
0,0,131
0,0,132
35,6,132
0,0,131
0,0,130
0,0,130
0,0,128
0,0,125
0,0,119
0,0,118
0,0,118
0,0,114
0,0,118
0,0,117
0,0,117
0,0,117
0,0,116
0,0,114
0,0,117
0,0,117
0,0,118
35,8,118
0,0,118
0,0,116
0,0,118
0,0,117
0,0,118
0,0,117
0,0,120
0,0,120
0,0,121
0,0,119
0,0,120
0,0,120
0,0,121
0,0,121
0,0,123
0,0,120
0,0,121
0,0,121
0,0,120
0,0,121
0,0,123
0,0,124
0,0,124
0,0,124
0,0,121
0,0,121
0,0,122
0,0,122
0,0,121
0,0,122
35,6,121
0,0,119
0,0,121
0,0,119
0,0,122
0,0,121
0,0,119
0,0,121
0,0,122
0,0,122
0,0,122
0,0,124
0,0,124
0,0,127
0,0,128
0,0,130
0,0,131
35,8,130
35,6,122
0,0,110
0,0,101
30,7,100
0,0,100
0,0,104
35,7,107
0,0,111
0,0,113
0,0,114
0,0,116
0,0,113
0,0,111
0,0,110
0,0,109
0,0,108
0,0,108
0,0,108
0,0,108
0,0,107
0,0,109
0,0,106
0,0,109
0,0,107
0,0,109
0,0,109
0,0,105
0,0,108
0,0,105
0,0,106
0,0,108
0,0,108
0,0,109
0,0,109
0,0,110
0,0,110
0,0,143
0,0,146
0,0,148
0,0,148
0,0,150
0,0,152
0,0,152
0,0,153
0,0,153
0,0,153
0,0,152
0,0,151
0,0,151
0,0,151
0,0,150
0,0,151
0,0,151
0,0,151
0,0,151
0,0,151
0,0,150
0,0,151
0,0,151
0,0,151
0,0,151
0,0,151
0,0,150
0,0,150
0,0,151
0,0,151
0,0,152
0,0,152
0,0,152
0,0,152
0,0,152
0,0,152
0,0,151
0,0,151
0,0,148
0,0,148
0,0,147
0,0,136
0,0,118
26,14,99
25,12,79
0,0,68
0,0,67
0,0,75
0,0,83
0,0,82
0,0,80
0,0,78
0,0,71
0,0,61
0,0,59
0,0,57
0,0,53
0,0,49
0,0,53
0,0,60
0,0,64
0,0,65
0,0,62
0,0,62
0,0,57
0,0,54
0,0,53
0,0,45
25,22,40
32,15,41
0,0,42
0,0,42
0,0,39
0,0,40
0,0,41
35,24,40
0,0,40
30,24,40
0,0,41
0,0,41
0,0,42
0,0,42
0,0,43
0,0,40
0,0,44
0,0,44
0,0,45
32,14,46
0,0,42
0,0,41
0,0,41
0,0,44
0,0,47
0,0,48
0,0,48
0,0,49
0,0,46
0,0,42
30,15,51
0,0,52
0,0,54
0,0,54
0,0,52
0,0,51
0,0,55
0,0,56
30,19,58
0,0,59
0,0,65
0,0,64
0,0,51
0,0,51
0,0,53
0,0,52
0,0,50
0,0,46
0,0,49
0,0,49
0,0,51
0,0,54
0,0,55
0,0,59
21,11,64
0,0,61
30,15,58
0,0,57
0,0,56
0,0,62
0,0,71
0,0,68
0,0,68
0,0,61
0,0,63
0,0,66
0,0,66
0,0,68
0,0,71
0,0,72
0,0,71
0,0,72
0,0,72
0,0,72
0,0,68
0,0,69
0,0,69
0,0,70
0,0,71
0,0,72
25,9,64
0,0,63
0,0,63
0,0,59
0,0,60
0,0,59
0,0,63
0,0,62
0,0,61
0,0,63
0,0,62
0,0,64
0,0,65
0,0,58
0,0,51
0,0,53
0,0,66
0,0,74
0,0,59
0,0,54
0,0,58
0,0,56
0,0,59
0,0,64
0,0,68
0,0,74
0,0,108
0,0,119
0,0,120
0,0,121
0,0,116
0,0,109
0,0,99
0,0,89
0,0,60
0,0,5
0,0,3
12,37,27
8,17,13
0,0,15
15,60,148
14,61,155
12,63,163
12,58,170
12,61,168
11,59,170
12,61,169
12,60,168
14,57,164
11,61,155
11,59,153
11,59,150
12,55,151
11,66,147
8,60,146
10,39,129
0,0,89
0,0,84
11,19,105
10,57,147
10,52,148
8,48,133
11,22,110
3,10,83
0,0,68
0,0,63
0,0,64
0,0,67
0,0,75
0,0,75
0,0,97
0,2,133
8,55,166
8,56,179
9,63,184
9,62,159
9,61,130
9,52,54
0,1,112
7,61,121
8,60,175
8,53,193
6,52,193
8,57,195
8,54,199
7,53,196
6,51,202
6,47,194
8,41,148
9,18,124
0,2,122
4,3,120
0,2,121
5,24,123
7,21,128
8,27,126
7,17,132
6,28,130
7,18,129
9,22,125
8,26,135
9,20,135
8,28,134
9,27,129
7,26,126
8,22,126
6,19,126
10,33,123
9,17,132
7,24,125
7,26,130
9,15,129
11,30,128
11,28,126
7,23,125
9,13,132
7,25,126
8,34,127
8,36,130
7,33,124
7,24,126
0,2,110
0,0,53
51,9,40
0,0,45
0,0,47
0,0,64
0,4,59
0,0,47
13,27,44
0,0,38
0,0,39
0,0,39
0,0,29
0,0,23
0,0,26
10,30,23
0,0,31
0,0,28
0,0,23
16,20,20
0,5,23
9,36,31
0,5,34
19,21,32
0,0,31
0,0,32
0,0,33
10,23,21
0,0,24
0,0,30
23,38,38
21,41,37
0,8,24
0,0,33
0,0,33
0,0,34
21,26,33
21,28,33
0,0,35
0,0,40
0,0,46
0,0,102
5,12,2
35,35,3
47,39,20
48,35,33
35,76,50
35,68,52
35,64,60
34,73,57
35,73,72
35,62,73
34,69,34
62,70,38
50,60,41
47,62,44
71,74,47
80,96,38
76,82,71
49,55,118
30,42,110
26,29,86
31,42,102
66,53,113
43,26,54
14,21,90
6,17,145
5,25,153
6,10,77
5,9,28
8,18,18
11,21,42
19,23,39
0,0,39
32,42,26
30,28,23
0,0,35
35,20,44
41,6,47
0,0,41
0,0,38
0,0,36
0,0,38
0,0,54
0,12,20
0,0,6
6,74,33
8,71,127
6,67,176
7,60,204
7,47,174
0,0,3
0,0,11
0,0,11
0,0,12
0,0,6
0,0,11
0,0,99
0,0,1
0,0,0
0,0,1
0,0,1
0,11,1
0,14,27
0,0,25
0,0,22
0,0,21
0,0,17
0,0,21
0,0,26
0,0,100
0,0,44
0,0,35
0,0,45
0,0,82
0,0,119
0,0,15
0,1,26
0,0,10
0,0,17
0,0,15
0,0,51
0,0,32
0,0,21
0,0,31
0,0,25
0,0,23
0,0,30
0,0,34
0,0,36
78,13,39
38,13,41
0,0,40
35,8,36
87,5,51
0,0,51
0,0,19
0,0,7
0,0,8
0,0,10
0,0,83
0,0,27
0,0,23
0,0,34
0,0,29
0,0,29
0,0,27
5,3,32
0,0,32
0,0,27
0,0,39
5,8,67
4,10,60
0,0,119
0,0,11
0,0,20
0,0,27
0,0,31
0,0,38
0,0,19
0,0,11
0,0,7
0,0,10
0,0,5
0,7,8
0,0,5
0,0,1
30,10,4
0,0,7
11,59,214
10,61,208
0,0,13
0,0,73
0,0,130
35,19,112
35,14,108
35,14,105
32,9,102
35,9,107
35,9,108
35,13,109
35,16,110
35,16,111
30,13,105
8,26,64
19,16,121
16,71,143
17,66,150
16,58,162
17,67,159
16,70,149
17,71,120
9,41,63
17,55,92
17,70,134
15,69,150
15,66,156
16,73,147
17,34,125
35,19,119
35,25,109
35,25,106
35,21,103
35,26,105
35,21,105
35,29,107
22,27,117
14,64,189
18,32,132
13,76,143
15,58,165
16,74,133
35,26,62
41,19,61
42,10,87
35,11,109
35,7,111
35,9,110
35,11,114
35,11,116
35,10,123
19,10,120
14,26,102
12,59,150
16,69,157
15,52,168
19,69,80
20,46,62
19,73,64
19,63,77
20,73,95
18,46,99
19,61,100
18,68,116
17,63,138
18,63,142
17,66,143
18,65,144
17,60,147
18,66,145
17,63,149
19,62,156
17,56,162
17,58,168
17,61,157
17,76,128
18,108,115
18,123,103
16,105,108
16,60,132
14,72,145
16,91,91
15,93,122
38,46,108
41,32,108
39,18,109
41,29,112
35,9,111
35,6,128
35,7,142
35,5,142
0,0,141
0,0,141
0,0,141
0,0,141
0,0,135
0,0,136
0,0,131
0,0,133
0,0,132
0,0,134
0,0,132
0,0,135
0,0,132
0,0,124
0,0,121
0,0,126
0,0,134
0,0,139
0,0,139
0,0,140
0,0,136
0,0,138
0,0,135
0,0,135
0,0,126
0,0,126
0,0,126
0,0,124
0,0,125
0,0,125
0,0,125
0,0,123
0,0,124
0,0,124
0,0,124
0,0,124
0,0,122
0,0,124
0,0,123
0,0,125
0,0,124
0,0,124
0,0,124
0,0,123
0,0,123
0,0,123
0,0,123
0,0,124
0,0,124
0,0,124
0,0,123
0,0,123
0,0,124
0,0,122
0,0,122
0,0,123
0,0,123
0,0,117
0,0,115
23,9,107
0,0,99
0,0,88
21,11,85
0,0,88
25,13,102
0,0,127
0,0,128
0,0,126
25,7,130
0,0,132
0,0,130
0,0,134
0,0,137
0,0,139
0,0,140
0,0,140
0,0,142
0,0,142
0,0,142
0,0,142
0,0,143
0,0,142
0,0,143
0,0,142
0,0,143
0,0,143
0,0,143
0,0,142
0,0,143
0,0,143
0,0,143
0,0,143
0,0,143
0,0,144
0,0,144
0,0,143
0,0,141
0,0,136
0,0,130
25,7,123
0,0,114
0,0,108
0,0,104
0,0,104
0,0,103
0,0,103
0,0,102
0,0,101
0,0,100
0,0,97
0,0,95
0,0,90
0,0,93
0,0,94
0,0,91
0,0,90
0,0,89
0,0,91
0,0,89
0,0,90
0,0,90
0,0,91
0,0,84
0,0,92
0,0,91
0,0,91
0,0,91
0,0,91
0,0,92
0,0,93
0,0,92
0,0,91
0,0,89
0,0,92
0,0,92
0,0,89
0,0,89
21,11,87
0,0,87
0,0,87
0,0,84
0,0,90
0,0,89
0,0,92
0,0,91
0,0,92
0,0,94
0,0,94
0,0,95
0,0,96
0,0,92
0,0,93
0,0,95
0,0,95
0,0,95
0,0,97
0,0,97
0,0,99
0,0,99
0,0,99
0,0,98
0,0,99
0,0,99
0,0,100
0,0,99
0,0,99
0,0,98
0,0,97
0,0,98
0,0,96
0,0,93
0,0,91
0,0,92
0,0,91
0,0,86
0,0,91
0,0,91
0,0,90
0,0,89
0,0,89
0,0,89
0,0,86
0,0,89
0,0,91
0,0,92
0,0,87
0,0,90
0,0,95
0,0,95
0,0,94
0,0,93
0,0,95
0,0,94
0,0,90
0,0,91
0,0,85
0,0,85
0,0,80
0,0,77
0,0,80
0,0,74
0,0,77
0,0,77
0,0,77
0,0,75
0,0,76
0,0,75
0,0,74
0,0,77
0,0,70
0,0,74
0,0,76
0,0,77
0,0,77
0,0,73
0,0,76
0,0,78
0,0,77
0,0,77
0,0,78
0,0,76
0,0,76
0,0,77
0,0,76
0,0,79
0,0,81
0,0,79
0,0,92
0,0,100
0,0,95
0,0,130
0,0,127
0,0,127
0,0,127
0,0,126
0,0,130
0,0,128
0,0,127
0,0,128
0,0,126
0,0,123
0,0,129
0,0,128
0,0,126
0,0,128
0,0,125
0,0,126
0,0,128
0,0,127
0,0,128
0,0,126
0,0,127
0,0,127
0,0,125
0,0,127
0,0,126
23,8,128
30,8,129
0,0,127
0,0,125
0,0,128
0,0,129
25,8,128
0,0,127
0,0,127
0,0,130
0,0,130
0,0,131
0,0,130
0,0,127
0,0,130
0,0,131
0,0,127
0,0,129
0,0,129
0,0,130
0,0,129
0,0,127
0,0,129
0,0,130
0,0,127
0,0,128
0,0,130
0,0,129
0,0,129
35,8,130
0,0,130
0,0,130
0,0,129
0,0,127
30,8,130
0,0,129
0,0,128
0,0,128
0,0,126
35,8,130
35,8,129
0,0,130
0,0,128
0,0,129
0,0,125
0,0,127
0,0,127
0,0,127
0,0,125
0,0,126
0,0,129
0,0,129
0,0,130
0,0,133
0,0,131
0,0,133
0,0,133
0,0,132
0,0,126
0,0,116
0,0,116
0,0,118
30,12,116
0,0,117
0,0,120
0,0,117
0,0,118
0,0,119
23,8,118
0,0,117
0,0,115
0,0,115
0,0,116
0,0,118
0,0,117
0,0,117
0,0,118
0,0,118
0,0,118
0,0,118
0,0,117
0,0,116
0,0,114
30,8,116
0,0,117
30,8,116
0,0,119
35,8,116
0,0,117
0,0,119
0,0,114
0,0,116
0,0,117
0,0,116
30,8,117
0,0,116
0,0,119
0,0,118
0,0,118
32,8,119
25,8,118
0,0,115
0,0,115
0,0,116
0,0,115
25,8,116
0,0,117
0,0,117
0,0,114
0,0,116
0,0,116
0,0,117
0,0,116
0,0,116
0,0,118
0,0,116
0,0,116
0,0,118
0,0,114
25,8,115
25,8,117
0,0,115
0,0,115
0,0,117
0,0,116
0,0,115
0,0,117
0,0,117
25,8,116
0,0,117
0,0,117
0,0,116
23,8,118
52,20,242
53,20,243
53,20,241
51,20,243
55,20,241
53,19,243
53,20,241
53,20,241
52,20,240
52,19,241
52,19,241
52,19,242
55,19,241
53,20,243
52,20,243
53,19,242
55,20,241
55,20,241
53,20,242
53,20,242
53,19,240
53,19,241
53,19,242
52,19,241
55,20,242
54,20,241
50,20,241
53,19,241
53,20,241
53,20,242
52,19,240
53,19,241
53,20,241
53,20,240
53,20,244
53,20,242
53,19,241
53,20,240
52,20,242
52,20,243
53,19,240
53,20,240
54,20,242
53,20,242
54,21,241
55,20,242
54,20,242
53,20,244
53,19,242
53,20,241
53,20,243
53,20,240
54,20,243
51,20,240
53,19,242
53,20,243
52,20,241
55,20,241
53,20,241
53,20,242
52,20,239
53,20,242
53,20,242
53,20,242
55,19,241
53,20,245
53,20,240
53,20,242
53,20,240
53,20,242
53,19,244
54,20,241
53,19,242
52,19,243
54,20,243
53,20,242
54,20,244
51,19,240
54,19,241
53,20,242
53,20,241
53,20,243
54,20,243
52,19,240
53,20,243
53,20,241
53,20,243
54,19,242
53,20,243
53,20,240
52,19,244
53,20,243
53,20,242
52,20,241
53,19,240
53,20,241
54,20,242
54,19,243
52,20,241
53,20,242
53,20,242
53,19,241
53,19,243
53,19,241
53,20,241
54,20,241
52,20,242
52,19,244
53,19,241
56,20,240
53,20,241
53,20,241
52,20,242
53,20,242
53,19,242
53,19,243
54,20,243
54,20,241
53,20,243
53,20,240
52,19,241
53,20,244
54,20,242
52,19,242
53,20,241
53,20,240
52,19,242
53,20,240
53,20,241
51,19,241
53,20,242
53,20,240
53,20,241
55,20,241
51,19,243
54,20,241
53,20,240
53,19,242
53,19,243
53,20,241
52,20,244
53,20,241
53,20,241
52,20,241
52,20,241
54,20,242
53,20,242
52,20,242
53,20,241
55,20,242
53,20,243
53,19,240
55,20,243
53,20,240
55,20,240
55,20,241
54,20,242
54,20,240
51,19,242
53,20,240
53,20,241
53,20,242
53,20,240
53,20,241
52,19,241
53,19,243
52,20,241
53,20,242
52,20,243
52,19,241
52,20,242
53,20,238
53,19,243
53,19,243
53,20,240
52,18,239
53,20,241
52,20,242
53,20,241
53,20,243
54,22,242
53,20,243
54,18,241
53,20,243
53,20,242
53,20,242
53,19,241
53,20,240
52,19,243
53,19,240
51,19,242
52,21,242
53,19,242
52,20,242
52,20,242
52,19,243
51,19,240
53,20,242
53,19,243
53,19,242
52,20,241
53,19,243
52,20,242
52,20,242
53,20,242
53,19,243
53,20,242
53,20,241
53,20,242
53,20,242
52,20,243
53,20,244
53,20,243
53,20,243
52,19,243
53,20,241
53,20,242
52,20,240
53,20,240
52,20,242
53,20,241
53,20,243
54,22,241
54,22,243
53,20,241
52,19,242
53,20,242
53,20,242
53,19,242
55,19,243
52,19,243
51,20,242
52,20,243
52,20,244
51,20,242
53,20,243
53,20,240
52,20,244
53,19,240
53,20,241
53,20,243
51,20,241
53,20,241
52,20,242
53,19,243
53,19,241
54,19,243
53,19,242
53,19,240
54,19,241
54,20,240
53,19,242
54,19,241
51,18,240
52,19,242
54,20,243
53,20,242
55,20,244
54,20,244
53,20,243
54,20,242
53,21,243
53,19,240
54,20,243
53,20,242
52,20,243
53,20,242
53,19,241
53,19,241
51,19,242
53,20,240
53,20,240
53,20,240
51,19,244
53,20,241
53,19,241
52,20,243
53,20,243
51,19,242
52,20,240
52,20,243
52,20,242
54,20,243
53,19,241
52,20,241
53,20,243
54,20,240
52,20,240
51,19,242
53,20,241
51,19,241
53,20,242
53,20,242
53,20,242
53,20,244
53,20,240
54,20,243
53,20,243
52,19,245
53,20,243
53,19,242
53,20,241
53,19,241
52,20,244
53,20,244
53,22,243
53,20,241
52,19,242
51,19,244
53,20,240
53,20,242
52,20,242
54,20,243
54,18,240
52,19,243
53,20,242
52,21,244
52,20,242
53,20,243
54,20,243
54,20,243
53,19,241
53,19,242
52,19,240
52,20,242
52,20,242
52,20,242
54,19,242
54,20,244
53,22,242
52,20,244
53,19,241
54,19,243
52,20,242
52,20,243
54,19,242
52,19,241
51,19,241
53,22,241
53,20,243
52,19,244
53,19,242
54,20,241
53,20,243
54,20,243
53,20,242
53,19,241
53,20,242
53,19,243
53,19,242
54,20,240
53,20,243
53,20,243
53,19,242
53,20,242
53,20,241
53,20,243
52,19,242
52,20,241
55,19,242
52,20,243
53,20,242
53,20,241
53,20,243
53,20,241
53,18,242
53,20,241
53,19,243
53,19,243
52,20,243
53,20,241
53,20,243
53,20,242
53,19,240
52,19,241
53,20,243
53,20,242
53,20,242
54,20,244
52,19,242
53,20,242
53,20,243
52,20,241
53,20,243
52,19,242
53,20,242
53,20,244
53,19,242
55,20,243
54,20,243
53,19,243
53,20,241
54,20,241
52,20,243
53,19,241
56,54,242
56,54,243
55,54,240
55,57,243
56,54,243
56,54,243
56,54,241
55,57,243
56,55,242
58,52,241
56,54,244
56,54,241
57,52,242
55,57,244
54,57,241
55,57,242
55,56,243
55,56,241
55,54,242
55,56,243
55,56,240
54,58,243
55,56,242
56,54,242
56,54,242
55,56,242
55,56,244
56,55,243
58,52,244
55,56,242
55,56,242
55,56,242
53,20,188
53,19,188
52,20,190
52,19,186
53,20,186
53,20,187
53,19,186
53,20,188
53,20,186
53,20,191
53,19,188
53,19,187
53,20,188
53,20,189
54,20,190
53,20,187
53,20,188
53,20,188
51,20,188
55,20,188
51,19,188
53,20,188
52,20,186
52,19,187
52,19,187
53,20,187
52,20,185
53,20,187
51,19,186
52,20,187
53,19,189
53,20,188
52,19,186
53,19,186
55,20,188
54,56,201
53,57,205
53,56,203
54,57,203
53,57,206
54,55,204
56,54,204
55,52,204
54,55,202
54,56,201
53,57,203
53,56,203
54,56,202
55,53,205
55,52,203
54,55,202
53,56,205
54,54,202
53,54,204
55,50,205
54,55,205
54,55,203
54,56,202
54,56,202
54,54,202
54,55,203
54,56,200
54,55,203
53,57,203
54,55,202
55,53,202
55,54,205
56,54,204
54,56,202
54,56,202
55,53,202
54,55,203
55,53,202
54,56,202
55,54,205
56,54,204
53,56,206
54,54,202
54,54,202
54,54,202
53,56,205
55,54,204
54,56,202
53,56,204
55,53,203
59,54,243
59,54,240
58,57,243
58,57,243
58,56,244
59,54,243
60,52,242
58,54,242
58,57,243
61,53,244
57,56,242
58,57,243
58,56,245
59,54,242
58,56,245
58,57,243
57,57,243
57,59,244
59,54,242
59,55,242
58,57,243
58,57,243
57,56,241
59,55,241
58,57,242
58,56,244
58,57,241
59,54,241
58,57,243
58,57,243
59,54,240
58,57,243
59,53,244
57,56,242
58,57,243
58,57,242
53,57,203
54,56,202
54,56,201
55,53,204
54,55,203
53,57,203
55,56,204
52,58,202
55,53,203
55,54,202
54,55,204
54,54,205
53,54,203
54,54,203
54,55,203
54,56,202
54,54,202
54,53,205
54,56,202
54,56,202
56,54,204
55,56,205
55,53,202
54,55,203
55,53,202
53,52,205
54,54,202
56,53,206
55,57,203
53,56,202
53,57,205
54,55,204
55,53,203
55,53,202
55,53,202
55,54,203
56,50,203
56,53,205
54,57,205
54,54,204
53,57,203
55,53,202
56,53,205
55,53,202
54,54,204
55,57,203
54,56,202
52,58,202
54,55,203
54,58,204
55,53,203
54,55,204
53,56,205
55,57,203
55,54,205
54,55,202
54,54,202
54,54,202
53,56,206
54,55,202
55,53,203
54,55,203
55,54,203
54,56,201
54,56,202
54,56,202
54,53,202
55,53,202
54,54,203
54,57,203
53,56,204
55,52,202
55,54,205
55,54,203
53,54,203
54,55,203
55,53,203
56,50,206
54,54,203
54,56,205
54,55,202
54,55,203
55,54,204
54,56,202
55,50,202
54,54,202
55,54,204
54,54,201
54,54,204
56,54,202
54,56,204
54,54,203
55,53,203
55,53,203
55,53,202
55,50,203
54,54,203
55,55,205
55,54,204
55,53,203
55,53,203
56,51,205
55,52,205
56,54,203
55,53,203
54,52,203
54,55,204
54,54,203
55,52,204
55,53,202
54,54,202
55,56,204
54,54,203
54,55,203
54,55,203
54,54,203
54,56,202
54,54,203
53,54,204
54,55,203
53,56,204
55,54,203
55,53,203
54,54,203
54,55,203
54,55,203
54,52,203
54,54,203
54,55,201
54,54,204
55,54,203
53,56,205
54,54,202
54,55,204
53,58,204
55,52,205
53,56,204
55,54,203
54,54,202
55,53,204
54,55,202
55,56,203
55,53,205
54,56,202
54,54,204
55,53,202
55,56,204
54,55,203
54,55,203
55,52,204
53,57,204
53,56,204
53,57,204
53,57,203
54,54,203
54,54,203
55,53,204
54,54,202
56,52,204
56,50,204
54,56,202
53,59,204
54,54,203
54,54,201
55,50,203
56,50,203
53,54,205
54,57,205
53,59,204
53,57,204
54,55,203
53,56,205
54,55,203
55,53,203
54,56,202
54,56,202
52,56,204
53,56,203
53,57,201
54,56,202
53,57,203
55,54,203
53,57,201
56,53,204
54,56,200
55,53,202
54,56,204
54,56,202
53,54,202
54,54,199
54,54,203
55,53,203
54,53,202
54,54,202
54,56,201
54,54,202
53,57,202
54,55,203
53,57,203
55,55,202
54,56,201
52,54,202
54,56,202
53,57,203
52,56,202
53,54,204
54,56,202
55,53,204
56,53,205
54,54,206
56,53,205
55,55,204
55,53,202
54,55,205
56,54,203
54,56,202
53,53,205
53,56,202
54,56,204
53,53,203
