103,20,255
103,22,255
100,20,255
101,20,255
103,22,255
101,20,255
103,20,255
103,22,255
103,22,255
103,20,255
103,20,255
101,20,255
106,22,255
103,20,255
101,21,255
106,22,255
103,20,255
103,20,255
103,20,255
106,20,255
106,22,255
101,20,255
101,20,255
103,20,255
103,20,255
103,20,255
103,20,255
103,22,255
103,22,255
106,24,255
103,19,255
103,22,255
103,21,255
103,22,255
103,20,255
103,20,255
100,20,255
103,20,255
101,20,255
103,22,255
103,22,255
106,20,255
103,20,255
103,20,255
103,20,255
103,20,255
103,22,255
106,20,255
101,22,255
103,20,255
103,22,255
103,20,255
106,20,255
101,20,255
103,20,255
103,20,255
103,21,255
103,20,255
103,22,255
101,22,255
106,22,255
106,22,255
100,20,255
103,20,255
103,20,255
106,22,255
100,20,255
106,21,255
103,20,255
103,22,255
103,22,255
101,22,255
103,22,255
100,20,255
101,20,255
100,20,255
103,20,255
103,20,255
103,20,255
103,22,255
100,22,255
101,22,255
103,20,255
103,21,255
103,22,255
106,20,255
103,22,255
103,22,255
101,20,255
103,22,255
103,22,255
103,22,255
103,22,255
103,20,255
103,22,255
103,24,255
103,20,255
103,20,255
103,20,255
106,22,255
100,20,255
100,20,255
106,22,255
103,22,255
103,22,255
101,22,255
106,20,255
100,22,255
103,20,255
106,21,255
103,20,255
101,21,255
103,20,255
101,21,255
100,22,255
100,21,255
103,18,255
103,20,255
103,21,255
100,22,255
103,21,255
103,18,255
100,22,255
103,22,255
101,20,255
100,20,255
103,20,255
103,20,255
101,20,255
103,20,255
100,20,255
103,21,255
100,20,255
103,22,255
100,22,255
103,20,255
100,20,255
100,22,255
103,20,255
101,20,255
103,20,255
103,20,255
106,20,255
103,22,255
103,20,255
106,20,255
101,20,255
101,20,255
103,20,255
103,24,255
103,20,255
103,20,255
103,22,255
100,20,255
106,20,255
103,21,255
103,22,255
101,20,255
103,20,255
103,20,255
106,22,255
101,20,255
103,22,255
100,20,255
106,20,255
100,22,255
103,20,255
106,20,255
100,20,255
103,22,255
100,20,255
103,20,255
103,20,255
100,20,255
103,22,255
103,22,255
101,20,255
103,22,255
103,20,255
103,22,255
103,20,255
103,21,255
103,20,255
103,20,255
103,20,255
100,22,255
100,20,255
103,22,255
105,20,255
101,20,255
100,20,255
106,22,255
101,22,255
101,20,255
101,21,255
103,20,255
103,20,255
103,22,255
103,20,255
101,20,255
106,20,255
103,20,255
