87,5,243
87,3,242
79,3,242
87,3,242
87,3,239
87,3,239
87,3,240
87,3,241
87,5,241
87,5,240
78,3,239
87,3,241
87,3,242
87,3,241
87,3,238
87,3,241
78,3,240
87,3,240
87,3,241
87,3,238
87,3,242
87,5,240
87,5,241
87,5,242
87,3,242
87,3,242
87,3,239
87,3,239
87,3,241
87,3,241
87,3,241
87,3,241
87,3,241
87,3,239
78,3,241
87,3,240
87,3,241
87,5,241
87,3,240
87,3,241
87,3,241
87,3,240
87,5,240
87,3,242
87,3,242
87,5,240
87,5,240
87,3,242
87,3,241
87,3,242
87,3,240
87,5,241
87,3,239
87,3,240
87,3,242
87,3,241
87,3,240
87,3,239
87,3,241
87,3,241
87,3,241
87,3,239
87,3,241
87,3,240
87,3,241
87,5,239
87,3,240
87,3,241
87,5,239
87,5,241
87,5,241
87,3,240
87,3,239
87,3,240
87,3,242
87,3,240
87,3,241
78,3,243
87,3,242
87,3,240
87,3,243
87,5,240
87,3,239
87,3,241
87,5,241
87,3,239
87,3,241
87,3,241
87,5,240
87,3,240
87,3,239
87,3,240
87,3,240
87,3,242
85,5,241
85,5,240
85,5,239
87,3,241
87,3,239
87,5,240
85,3,238
87,3,240
78,3,240
87,3,242
87,3,240
87,3,240
87,3,242
87,3,241
87,5,242
87,3,239
79,3,241
87,3,241
87,3,239
87,3,242
87,3,242
87,3,240
87,3,241
87,3,242
87,3,239
87,3,240
87,5,241
87,5,242
87,3,240
87,3,240
87,3,240
87,3,241
87,3,241
87,3,242
87,3,243
87,3,240
87,3,240
87,3,242
87,3,241
87,5,241
87,3,241
87,5,241
87,3,241
87,5,241
87,3,239
87,3,241
87,3,241
87,3,240
87,3,240
87,3,240
87,3,241
87,3,241
78,3,242
87,3,240
87,3,240
85,5,240
87,5,239
87,5,239
79,3,241
87,5,240
87,5,241
87,3,239
87,5,240
87,3,239
87,3,240
87,3,239
87,3,241
87,3,242
85,3,242
87,3,240
87,3,241
87,5,239
87,5,241
87,5,243
87,3,239
87,3,242
87,3,239
87,5,241
87,3,239
87,3,241
87,3,240
87,5,241
87,3,239
87,5,240
87,3,240
87,5,242
87,3,242
87,3,242
87,3,242
87,5,239
87,3,241
85,5,240
87,5,238
87,5,242
87,5,241
87,3,241
87,3,240
87,3,241
87,3,243
87,3,241
87,3,241
87,3,240
87,3,240
87,3,240
87,5,240
87,5,240
87,3,239
87,3,241
